TIME MEM VIRT RES SHR CPU FREE SWAP
0:00.10 0.7 222616 3216 2896 52.9 93.3 816.0
0:00.94 0.9 223768 4368 2896 58.8 91.1 816.0
0:01.78 1.1 224920 5520 2896 47.4 88.9 816.0
0:02.61 1.3 225944 6544 2896 38.9 88.3 816.0
0:03.46 1.6 227096 7696 2896 44.4 86.2 816.0
0:04.29 1.8 228120 8720 2896 44.4 83.6 816.0
0:05.11 2.0 229272 9872 2896 50.0 81.5 816.0
0:05.92 2.2 230296 10896 2896 47.1 79.7 816.0
0:06.75 2.5 231448 12048 2896 47.1 77.5 816.0
0:07.57 2.7 232472 13072 2896 38.9 73.8 816.0
0:08.43 2.9 233624 14220 2896 52.9 73.2 816.0
0:09.25 3.1 234648 15120 2896 47.1 71.1 816.0
0:10.10 3.4 235800 16400 2896 42.1 69.1 816.0
0:10.93 3.5 236696 17168 2896 50.0 66.7 816.0
0:11.75 3.8 237720 18320 2896 47.1 64.8 816.0
0:12.58 4.0 238744 19216 2896 50.0 62.8 816.0
0:13.39 4.2 239768 20368 2896 44.4 60.2 816.0
0:14.22 4.4 240920 21520 2896 44.4 58.0 816.0
0:15.06 4.6 241944 22544 2896 44.4 55.8 816.0
0:15.91 4.9 243096 23696 2896 47.4 53.1 816.0
0:16.76 5.1 244120 24720 2896 47.1 52.1 816.0
0:17.56 5.3 245144 25744 2896 33.3 47.1 816.0
0:18.38 5.5 246168 26768 2896 46.7 48.1 816.0
0:19.21 5.7 247320 27920 2896 50.0 46.1 816.0
0:20.04 5.9 248216 28816 2896 44.4 43.8 816.0
0:20.86 6.2 249368 29968 2896 47.1 41.1 816.0
0:21.68 6.4 250392 30992 2896 41.2 39.5 816.0
0:22.51 6.6 251544 32144 2896 47.1 37.4 816.0
0:23.35 6.8 252568 33168 2896 38.9 35.3 816.0
0:24.17 7.1 253720 34320 2896 42.1 31.8 816.0
0:25.02 7.3 254744 35340 2896 47.4 31.3 816.0
0:25.85 7.5 255896 36496 2896 44.4 27.5 816.0
0:26.70 7.7 257048 37648 2896 47.4 25.9 816.0
0:27.53 8.0 258200 38800 2896 47.1 24.4 816.0
0:28.36 8.2 259224 39696 2896 41.2 22.3 816.0
0:29.20 8.4 260376 40972 2896 50.0 19.5 816.0
0:30.03 8.6 261400 42000 2896 44.4 16.8 816.0
0:30.88 8.9 262552 43152 2896 52.9 15.8 816.0
0:31.71 9.1 263576 44176 2896 44.4 13.1 816.0
0:32.53 9.3 264600 45196 2896 42.1 11.6 816.0
0:33.35 9.5 265752 46352 2896 41.2 9.4 816.0
0:34.19 9.7 266776 47376 2896 47.1 7.1 816.0
0:35.01 10.0 267928 48528 2896 41.2 6.7 816.0
0:35.82 10.2 268952 49552 2896 41.2 4.5 816.0
0:36.68 10.4 270104 50704 2896 42.1 4.4 815.7
0:37.52 10.7 271256 51856 2896 41.2 6.3 815.7
0:38.37 10.9 272280 52880 2896 42.1 7.3 815.7
0:39.21 11.1 273304 53904 2896 42.1 5.4 815.7
0:40.05 11.3 274200 54800 2896 42.1 7.9 815.7
0:40.85 11.5 275224 55824 2896 43.8 5.8 815.7
0:41.68 11.7 276248 56848 2896 44.4 5.8 815.7
0:42.49 11.9 277272 57868 2896 38.9 9.1 815.5
0:43.31 12.1 278424 59024 2896 47.1 6.9 815.5
0:44.14 12.4 279448 60048 2896 44.4 5.2 815.5
0:44.97 12.6 280600 61200 2896 41.2 7.6 815.5
0:45.80 12.8 281752 62224 2896 45.0 5.5 815.5
0:46.62 13.0 282776 63376 2896 44.4 7.7 815.2
0:47.43 13.2 283800 64272 2896 38.9 5.7 815.2
0:48.26 13.5 284952 65552 2896 38.9 5.3 815.2
0:49.11 13.7 285976 66520 2896 41.2 8.2 814.7
0:49.96 13.9 287128 67668 2896 50.0 9.4 814.5
0:50.81 14.1 288152 68628 2896 47.1 5.2 814.2
0:51.66 14.3 289304 69616 2896 52.9 7.7 814.2
0:52.47 14.5 290328 70640 2896 38.9 9.2 813.7
0:53.31 14.7 291480 71636 2896 43.8 6.4 813.7
0:54.11 14.9 292504 72516 2896 38.9 8.6 813.4
0:54.93 15.1 293528 73540 2896 38.9 6.0 813.4
0:55.77 15.3 294552 74428 2896 52.9 7.9 813.2
0:56.57 15.5 295576 75448 2896 41.2 8.7 812.7
0:57.41 15.7 296600 76340 2896 50.0 7.3 812.7
0:58.22 15.9 297496 77236 2896 35.3 7.3 812.7
0:59.02 16.1 298520 78260 2896 41.2 6.4 812.7
0:59.87 16.3 299544 79284 2896 50.0 7.4 812.7
1:00.68 16.5 300568 80308 2896 38.9 9.5 812.7
1:01.51 16.7 301592 81332 2896 38.9 8.6 812.7
1:02.34 16.9 302616 82352 2896 47.1 6.6 812.7
1:03.15 17.1 303640 83380 2896 36.8 9.5 812.4
1:03.98 17.4 304664 84404 2896 52.9 7.9 812.4
1:04.81 17.6 305688 85428 2896 44.4 9.6 812.4
1:05.63 17.8 306712 86452 2896 50.0 8.6 812.4
1:06.44 18.0 307608 87348 2896 35.3 5.6 812.4
1:07.26 18.1 308504 88244 2896 38.9 7.2 812.4
1:08.10 18.3 309400 89140 2896 44.4 6.1 812.4
1:08.93 18.5 310424 90036 2896 43.8 5.8 812.4
1:09.74 18.7 311448 91040 2896 38.9 9.6 812.2
1:10.57 18.9 312472 91936 2896 44.4 7.7 812.2
1:11.41 19.1 313368 92960 2896 44.4 10.5 811.9
1:12.22 19.3 314520 93984 2896 43.8 6.7 811.9
1:13.08 19.6 315544 95136 2896 41.2 8.9 811.9
1:13.92 19.8 316696 96284 2896 44.4 9.1 811.9
1:14.77 20.0 317720 97312 2896 55.6 7.6 811.9
1:15.61 20.3 318872 98464 2896 50.0 8.8 811.7
1:16.43 20.5 319896 99488 2896 50.0 7.7 811.7
1:17.24 20.7 320920 100508 2896 44.4 8.5 811.7
1:18.07 20.9 322072 101664 2896 47.1 6.4 811.4
1:18.88 21.1 323096 102564 2896 38.9 7.6 811.4
1:19.69 21.3 324120 103588 2896 38.9 6.6 811.4
1:20.51 21.5 325144 104608 2896 44.4 8.9 811.2
1:21.33 21.8 326296 105764 2896 45.0 5.8 811.2
1:22.17 22.0 327448 106916 2896 38.9 10.1 810.2
1:23.00 22.1 328472 107432 2896 50.0 9.9 810.2
1:23.84 22.3 329624 108584 2896 55.6 7.0 810.2
1:24.68 22.5 330648 109608 2896 42.1 8.1 809.9
1:25.51 22.8 331800 110760 2896 50.0 5.2 808.9
1:26.34 22.9 332824 111356 2896 42.1 6.4 808.9
1:27.18 23.1 333976 112508 2896 41.2 9.5 808.7
1:27.99 23.3 335000 113404 2896 41.2 7.4 808.7
1:28.82 23.6 336024 114556 2896 38.9 5.3 808.7
1:29.67 23.7 337048 115448 2892 47.1 7.3 808.4
1:30.52 24.0 338200 116728 2892 43.8 5.3 808.4
1:31.37 24.1 339224 117040 2760 38.9 8.0 807.2
1:32.19 24.3 340248 118068 2760 38.9 6.0 807.2
1:33.02 24.5 341272 119092 2760 50.0 14.0 806.2
1:33.89 24.7 342296 120116 2760 42.1 11.0 806.2
1:34.74 24.9 343320 121140 2760 41.2 9.0 806.2
1:35.59 25.1 344344 122164 2760 47.1 8.3 806.2
1:36.41 25.3 345240 122932 2760 44.4 5.2 805.2
1:37.21 25.4 346264 123544 2760 33.3 7.0 805.2
1:38.02 25.5 347288 124060 2760 38.9 6.2 803.2
1:38.84 25.6 348312 124692 2760 33.3 8.6 801.9
1:39.66 25.8 349464 125540 2760 38.9 6.5 801.9
1:40.46 26.0 350488 126560 2760 42.1 6.6 800.4
1:41.25 26.2 351512 127320 2760 38.9 7.6 800.2
1:42.08 26.4 352536 128344 2760 44.4 5.9 800.2
1:42.91 26.6 353688 129112 2760 36.8 6.8 799.1
1:43.74 26.6 354712 129404 2760 40.0 7.5 797.4
1:44.55 26.8 355736 130432 2760 38.9 11.0 796.4
1:45.38 27.0 356632 131328 2760 44.4 7.0 796.4
1:46.20 27.2 357528 132096 2760 50.0 10.6 793.4
1:47.01 27.2 358552 132056 2756 44.4 8.0 793.4
1:47.85 27.3 359576 132952 2756 42.1 5.3 793.4
1:48.67 27.5 360728 133660 2748 38.9 6.7 791.1
1:49.53 27.7 361752 134680 2748 40.9 8.2 788.1
1:50.33 27.7 362776 134612 2748 41.2 8.7 783.6
1:51.18 27.6 363800 134340 2748 41.2 8.3 780.8
1:52.01 27.7 364952 134592 2748 38.9 6.4 780.8
1:52.84 27.9 365976 135612 2748 41.2 8.8 778.6
1:53.72 28.1 367128 136760 2740 40.0 6.5 778.6
1:54.56 28.3 368024 137656 2740 44.4 8.5 776.3
1:55.39 28.3 369048 137792 2740 42.1 6.4 776.3
1:56.24 28.6 370072 138816 2740 50.0 8.0 773.3
1:57.08 28.5 371096 138756 2740 38.9 6.0 773.3
1:57.93 28.7 372120 139780 2740 41.2 7.8 770.8
1:58.78 28.8 373016 139976 2740 40.0 9.3 767.5
1:59.63 28.8 374040 140020 2740 50.0 7.2 767.5
2:00.48 29.0 375064 141044 2740 50.0 6.8 767.5
2:01.31 29.2 376088 142060 2732 42.1 7.8 761.5
2:02.25 29.3 377240 142684 2732 42.1 7.6 758.2
2:03.07 29.3 378136 142408 2732 37.5 5.1 758.2
2:03.91 29.5 379032 143276 2732 43.8 8.1 754.7
2:04.73 29.4 379928 142940 2732 46.7 5.9 754.7
2:05.55 29.6 380824 143836 2732 50.0 9.7 751.0
2:06.35 29.5 381848 143508 2732 44.4 7.8 751.0
2:07.17 29.7 382744 144404 2732 44.4 6.0 751.0
2:07.98 29.9 383640 145300 2732 38.9 7.3 746.2
2:08.80 29.5 384536 143648 2732 31.2 6.3 743.0
2:09.65 29.7 385560 144236 2732 35.3 8.5 740.2
2:10.66 29.9 386840 145516 2732 44.4 5.1 737.5
2:11.53 29.9 387864 145568 2732 53.3 5.9 737.5
2:12.36 30.2 388888 146592 2732 43.8 6.9 735.2
2:13.17 30.1 389784 146496 2732 38.9 5.0 732.7
2:14.03 30.1 390808 146528 2732 42.1 8.1 730.0
2:14.86 30.2 391832 146780 2732 44.4 6.3 730.0
2:15.72 30.4 392856 147804 2732 44.4 8.4 727.7
2:16.54 30.5 393752 148236 2732 44.4 6.9 727.7
2:17.37 30.7 394776 149260 2732 44.4 6.5 721.7
2:18.19 30.4 395672 147616 2732 44.4 6.8 716.2
2:19.00 30.2 396568 147060 2732 33.3 7.1 716.2
2:19.82 30.4 397592 147944 2732 36.8 8.2 715.7
2:20.64 30.6 398488 148708 2732 47.1 7.9 714.7
2:21.47 30.8 399384 149736 2732 50.0 7.0 714.7
2:22.27 31.0 400280 150632 2732 31.6 7.3 713.7
2:23.09 31.2 401176 151524 2732 31.6 7.6 712.7
2:23.91 31.3 402200 152388 2732 35.3 7.8 711.2
2:24.72 31.5 403096 153064 2732 37.5 9.5 709.0
2:25.55 31.5 404120 153260 2732 38.9 7.5 709.0
2:26.51 31.4 405272 152828 2668 36.8 7.2 701.7
2:27.31 31.6 406296 153852 2668 33.3 5.6 701.7
2:28.11 31.7 407192 153928 2668 33.3 6.6 698.7
2:28.94 31.8 408088 154824 2668 35.3 8.5 695.7
2:29.74 31.8 408984 154504 2668 36.8 7.4 695.7
2:30.57 32.0 410008 155528 2668 44.4 9.3 693.0
2:31.39 32.0 410904 155476 2668 43.8 7.0 693.0
2:32.20 32.2 411800 156372 2668 41.2 6.7 692.0
2:33.02 32.3 412696 157268 2668 42.1 7.3 688.5
2:33.85 32.2 413592 156560 2668 50.0 10.1 686.0
2:34.69 32.3 414616 156836 2668 42.1 5.1 683.7
2:35.53 32.1 415512 156252 2668 43.8 6.2 682.2
2:36.38 32.1 416536 156300 2668 40.0 6.0 679.7
2:37.23 32.4 417560 157316 2660 36.4 5.5 677.7
2:38.12 32.5 418584 157816 2660 50.0 7.9 677.0
2:38.93 32.6 419480 158708 2660 47.1 8.2 676.0
2:39.79 32.8 420504 159268 2660 52.6 10.0 674.0
2:40.58 32.8 421528 159688 2660 41.2 7.5 673.0
2:41.38 33.0 422680 160328 2660 44.4 7.0 672.5
2:42.21 33.0 423704 160380 2660 50.0 6.5 670.7
2:43.03 33.2 424728 161408 2660 41.2 6.6 668.0
2:43.87 33.2 425624 161200 2660 42.1 4.9 667.7
2:44.70 33.3 426648 162140 2660 41.2 4.4 661.7
2:45.65 33.1 427672 161112 2656 47.4 4.7 659.2
2:46.48 33.2 428696 161380 2656 50.0 5.2 659.0
2:47.33 33.4 429592 162276 2656 50.0 6.4 658.7
2:48.16 33.5 430616 163052 2656 44.4 5.7 655.7
2:48.97 33.5 431512 162676 2656 47.1 4.9 653.5
2:49.78 33.4 432536 162568 2656 38.9 6.8 653.2
2:50.61 33.6 433560 163356 2656 41.2 6.1 652.5
2:51.41 33.7 434584 163860 2656 41.2 5.1 650.2
2:52.20 33.7 435480 163848 2656 33.3 5.3 644.2
2:53.12 33.4 436632 162588 2656 42.1 5.4 642.5
2:53.92 33.2 437528 161388 2656 33.3 8.1 639.5
2:54.73 33.4 438424 162284 2656 38.9 5.7 636.7
2:55.54 33.3 439448 162020 2656 43.8 7.9 636.7
2:56.34 33.5 440344 163044 2656 35.0 6.7 636.7
2:57.16 33.6 441240 163576 2656 44.4 5.7 636.0
2:57.98 33.9 442264 164600 2656 35.0 6.7 633.7
2:58.77 33.9 443160 164712 2656 31.2 5.6 633.0
2:59.58 34.0 444056 165200 2656 38.9 6.1 632.5
3:00.39 34.1 444824 165664 2656 36.8 6.2 629.5
3:01.35 34.0 445976 165200 2636 50.0 7.8 624.0
3:02.20 33.9 447000 164724 2636 47.1 5.8 624.0
3:03.01 34.1 448024 165748 2636 38.9 7.7 620.7
3:03.83 34.0 448920 165072 2636 38.9 5.9 620.7
3:04.63 34.2 449944 166096 2636 41.2 5.0 619.2
3:05.46 34.3 450968 166568 2636 50.0 6.3 615.7
3:06.27 34.1 451992 165808 2636 38.9 7.9 612.2
3:07.07 33.9 452888 165040 2636 42.1 5.9 612.2
3:07.90 34.2 453912 166064 2636 44.4 5.0 611.7
3:08.75 33.9 454936 164892 2636 41.2 7.3 608.0
3:09.56 34.1 455832 165660 2636 44.4 6.3 606.5
3:10.47 34.2 456984 166172 2636 46.7 6.4 604.5
3:11.32 34.2 458008 166476 2636 45.0 5.1 604.0
3:12.16 34.4 459032 167036 2636 47.1 4.9 601.0
3:12.99 34.3 460184 166904 2636 41.2 10.3 598.0
3:13.85 34.0 461336 165224 2636 47.4 5.9 594.7
3:14.69 34.2 462232 166120 2636 47.1 8.6 590.7
3:15.53 34.0 463256 165076 2636 47.1 6.5 590.7
3:16.37 34.2 464280 166100 2636 44.4 8.5 584.2
3:17.18 33.5 465304 163108 2636 47.1 6.5 582.5
3:18.02 33.8 466456 164260 2636 44.4 7.8 580.7
3:18.87 33.8 467480 164464 2636 44.4 9.8 579.0
3:19.64 33.7 468504 163816 2628 28.6 7.3 575.7
3:20.47 33.8 469656 164268 2628 50.0 9.9 573.0
3:21.31 33.7 470680 163944 2628 52.6 6.4 573.0
3:22.11 33.7 471704 163612 2628 38.9 6.4 570.2
3:22.94 33.9 472856 164764 2628 36.8 8.1 567.5
3:23.76 33.8 473880 164512 2628 47.4 7.5 566.0
3:24.56 33.9 474904 164732 2628 36.8 6.6 566.0
3:25.40 34.1 475928 165736 2628 43.8 6.6 564.2
3:26.21 34.1 477080 166012 2628 38.9 7.1 564.2
3:27.03 34.1 477976 165944 2628 38.9 6.5 562.2
3:27.86 34.2 479000 166284 2628 42.1 5.7 561.0
3:28.66 34.3 480024 166568 2628 36.8 6.9 551.2
3:29.53 33.7 481176 163784 2628 50.0 6.9 551.2
3:30.34 33.9 482200 164808 2628 41.2 5.2 550.7
3:31.17 34.0 483224 165268 2628 41.2 4.8 548.4
3:31.99 34.1 484376 165644 2628 47.1 5.2 547.9
3:32.80 34.2 485400 166388 2628 50.0 5.1 547.4
3:33.61 34.4 486424 167020 2628 42.1 5.4 545.7
3:34.41 34.4 487576 167296 2628 41.2 7.9 542.1
3:35.26 34.2 488600 166500 2628 47.1 10.1 539.1
3:36.12 34.2 489752 166396 2624 44.4 7.9 535.1
3:36.94 33.9 490904 164616 2624 31.6 5.2 531.4
3:37.73 33.9 491928 164716 2624 38.9 6.1 531.4
3:38.55 34.1 492952 165740 2624 38.9 6.9 528.8
3:39.37 34.1 494104 165564 2624 52.9 5.8 527.6
3:40.19 34.0 495128 165348 2624 38.9 5.5 526.3
3:41.01 34.1 496152 166012 2624 42.1 7.3 525.3
3:41.81 34.4 497304 167164 2624 41.2 5.2 523.3
3:42.65 34.0 498328 165468 2624 41.2 6.5 519.8
3:43.49 34.3 499480 166624 2624 47.1 7.8 517.0
3:44.34 34.2 500632 166260 2624 47.1 5.8 517.0
3:45.17 34.2 501656 166256 2624 42.1 8.2 511.0
3:46.03 34.0 502680 165384 2624 50.0 8.3 510.8
3:46.84 34.2 503704 166304 2624 38.9 7.9 508.3
3:47.68 34.2 504728 166164 2624 38.9 5.1 504.5
3:48.51 34.0 505880 165364 2624 41.2 7.2 504.5
3:49.36 34.2 506904 166388 2624 52.9 5.6 501.2
3:50.20 34.1 508056 165948 2624 44.4 8.9 501.2
3:51.03 34.3 509080 166844 2624 52.9 5.2 499.7
3:51.88 34.3 510232 166844 2616 47.4 7.9 496.7
3:52.78 34.4 511384 167196 2616 50.0 4.9 494.7
3:53.63 34.4 512536 167324 2616 44.4 6.5 494.7
3:54.47 34.7 513688 168476 2616 44.4 9.2 491.7
3:55.31 34.6 514712 168088 2616 47.4 10.1 488.2
3:56.13 34.4 515736 167372 2616 42.1 7.5 487.2
3:56.92 34.5 516632 167704 2616 44.4 5.8 483.2
3:57.78 34.3 517528 166736 2608 44.4 6.6 483.2
3:58.63 34.5 518552 167760 2608 43.8 8.2 480.5
3:59.47 34.4 519448 167240 2608 50.0 6.5 480.5
4:00.30 34.6 520344 168140 2608 44.4 9.3 476.7
4:01.15 34.4 521368 167312 2600 47.1 5.2 476.7
4:01.97 34.5 522264 167528 2600 47.1 8.9 471.7
4:02.81 34.3 523288 166752 2600 43.8 8.8 469.2
4:03.62 34.2 524184 166488 2600 42.1 7.1 469.2
4:04.48 34.4 525080 167380 2600 41.2 5.3 469.2
4:05.40 34.4 526232 167236 2596 43.8 7.6 466.2
4:06.24 34.6 527256 168260 2596 42.1 5.0 463.7
4:07.10 34.6 528280 168032 2596 47.4 6.8 463.7
4:07.94 34.5 529176 167752 2596 42.1 5.0 458.5
4:08.79 34.4 530200 167328 2596 50.0 6.8 458.5
4:09.63 34.6 531224 168352 2596 44.4 8.2 456.5
4:10.46 34.6 532248 168344 2596 40.0 6.7 456.5
4:11.29 34.8 533144 169240 2596 44.4 7.2 454.0
4:12.11 34.8 534168 169060 2596 38.9 9.6 451.2
4:12.92 34.7 535064 168468 2596 44.4 7.2 451.2
4:13.75 34.8 535960 169364 2596 55.6 9.4 443.5
4:14.57 34.3 536984 166604 2596 44.4 5.6 443.5
4:15.42 34.5 537880 167500 2596 50.0 10.1 439.7
4:16.25 34.3 538904 166528 2596 44.4 6.8 439.7
4:17.11 34.5 539928 167552 2596 42.1 6.8 436.2
4:18.20 34.4 541208 167088 2596 50.0 10.3 433.5
4:19.05 34.3 542232 166884 2596 44.4 5.4 433.5
4:19.87 34.2 543128 166196 2596 38.9 7.2 430.5
4:20.71 34.4 544152 167220 2596 44.4 5.2 430.5
4:21.51 34.3 545048 166684 2596 35.3 6.6 427.7
4:22.34 34.5 546072 167708 2596 44.4 8.7 425.5
4:23.15 34.4 546968 167460 2596 43.8 5.9 425.5
4:23.97 34.6 547864 168356 2596 42.1 8.7 421.7
4:24.77 34.4 548760 167376 2596 38.9 6.0 421.7
4:25.58 34.6 549784 168400 2596 38.9 5.5 420.0
4:26.39 34.5 550680 167552 2596 35.3 7.7 415.2
4:27.25 34.4 551704 167092 2596 47.4 8.0 412.5
4:28.09 34.3 552728 166712 2596 42.1 6.0 412.5
4:28.95 34.3 553752 166844 2596 40.0 6.7 410.7
4:29.78 34.3 554776 166716 2596 41.2 6.9 408.5
4:30.61 34.5 555672 167612 2596 43.8 5.2 406.5
4:31.42 34.5 556696 167656 2596 36.8 6.4 406.5
4:32.24 34.7 557592 168552 2596 44.4 11.8 404.0
4:33.15 34.7 558744 168560 2596 47.1 6.0 404.0
4:34.01 34.9 559768 169584 2596 44.4 10.2 395.7
4:34.82 34.2 560536 166148 2596 47.1 7.2 395.7
4:35.66 34.4 561560 167172 2596 50.0 11.4 392.7
4:36.50 34.3 562584 166612 2596 42.1 6.7 392.7
4:37.33 34.4 563480 167080 2596 41.2 7.6 390.2
4:38.17 34.4 564504 167364 2596 52.9 5.9 390.2
4:39.02 34.6 565528 168392 2596 40.0 7.2 390.2
4:39.87 34.8 566424 169160 2596 42.1 8.3 388.0
4:40.71 34.8 567448 169124 2596 52.9 6.6 388.0
4:41.53 35.0 568344 170020 2596 47.1 7.2 386.0
4:42.34 35.0 569368 170056 2596 47.1 9.2 383.5
4:43.15 34.9 570264 169684 2596 41.2 7.1 383.5
4:43.96 34.8 571288 168968 2596 35.0 6.4 380.2
4:44.79 34.8 572312 169040 2596 44.4 9.1 373.7
4:45.67 34.3 573336 166764 2596 45.0 8.4 371.0
4:46.49 34.4 574360 167344 2596 52.9 6.8 369.0
4:47.31 34.4 575256 167188 2596 44.4 5.8 366.5
4:48.15 34.3 576280 166896 2596 50.0 7.8 366.5
4:49.00 34.5 577304 167920 2596 52.6 5.8 365.0
4:49.84 34.6 578328 168212 2596 44.4 7.2 365.0
4:50.67 34.7 579224 168820 2596 44.4 8.1 363.5
4:51.50 34.8 580248 169384 2596 44.4 7.7 362.5
4:52.31 34.9 581144 169720 2596 41.2 7.6 355.2
4:53.14 34.4 582168 167072 2596 41.2 6.4 354.0
4:53.98 34.4 583064 167332 2596 47.4 7.1 351.7
4:54.80 34.4 584216 167352 2596 50.0 6.7 350.0
4:55.61 34.5 585240 167532 2596 52.6 7.6 349.2
4:56.42 34.6 586392 168264 2596 47.4 6.9 349.2
4:57.25 34.8 587416 169288 2596 47.1 7.3 349.2
4:58.08 35.1 588568 170440 2596 44.4 8.1 348.0
4:58.90 34.8 589720 169292 2596 47.4 5.7 340.5
4:59.75 34.6 590744 168188 2596 44.4 6.4 338.2
5:00.57 34.6 591768 168068 2596 44.4 5.3 337.0
5:01.42 34.7 592920 168624 2596 42.1 8.4 334.2
5:02.27 34.3 593944 166748 2412 30.0 7.5 329.2
5:03.09 34.1 594968 165996 2380 44.4 7.3 327.7
5:03.90 34.2 595992 166176 2380 41.2 6.0 326.7
5:04.71 34.3 597016 166636 2380 41.2 7.1 324.2
5:05.52 34.2 598040 166468 2380 50.0 5.1 324.0
5:06.35 34.3 599064 166656 2380 42.1 4.9 322.7
5:07.17 34.3 600088 166588 2380 42.1 5.1 318.7
5:08.00 34.3 601112 166728 2380 50.0 6.0 317.7
5:08.78 34.4 602136 167312 2408 52.9 8.5 313.7
5:09.61 34.2 603160 166324 2404 44.4 5.2 312.0
5:10.44 34.2 604184 166408 2404 44.4 5.4 312.0
5:11.27 34.4 605208 167432 2404 44.4 5.3 311.5
5:12.12 34.6 606232 168196 2404 50.0 6.0 309.2
5:12.95 34.6 607256 168088 2404 47.1 6.1 307.0
5:13.75 34.6 608280 168004 2404 36.8 8.6 303.7
5:14.58 34.4 609432 167316 2404 41.2 6.4 303.7
5:15.40 34.7 610456 168468 2404 55.6 6.0 302.0
5:16.20 34.6 611480 168460 2404 50.0 6.9 299.4
5:17.02 34.7 612632 168472 2404 38.9 6.6 297.4
5:17.84 34.7 613656 168480 2404 52.9 6.8 296.2
5:18.66 34.7 614680 168872 2404 52.9 5.2 294.4
5:19.49 34.7 615704 168948 2404 50.0 5.0 290.9
5:20.32 34.6 616728 168264 2404 44.4 4.9 288.7
5:21.18 34.6 617752 168116 2404 58.8 6.3 288.7
5:21.99 34.8 618904 169268 2404 50.0 5.1 286.6
5:22.82 34.6 619928 168152 2404 43.8 5.7 284.4
5:23.64 34.8 620952 169176 2404 47.1 6.3 279.4
5:24.45 34.5 622104 167664 2404 44.4 6.8 279.4
5:25.30 34.7 623256 168816 2404 42.1 8.5 276.6
5:26.11 34.6 624280 168408 2404 44.4 6.6 276.6
5:26.94 34.8 625304 169432 2404 55.6 8.4 273.3
5:27.74 34.7 626328 168820 2404 42.1 6.1 273.3
5:28.56 35.0 627480 169972 2404 52.9 5.1 270.3
5:29.39 34.7 628504 168732 2404 50.0 7.1 268.8
5:30.21 34.9 629656 169884 2404 52.6 10.7 265.3
5:31.07 34.8 630808 169224 2400 47.1 5.1 263.3
5:31.90 34.8 631832 169220 2400 44.4 7.9 260.0
5:32.72 34.7 632984 168704 2400 44.4 6.4 257.8
5:33.54 34.6 634008 168404 2400 42.1 7.0 255.3
5:34.37 34.6 635032 168280 2400 44.4 7.6 252.8
5:35.20 34.6 636184 168104 2400 44.4 5.5 249.8
5:36.05 34.5 637336 167732 2400 50.0 7.0 249.8
5:36.89 34.7 638488 168884 2400 47.4 9.6 247.2
5:37.70 34.7 639512 168632 2400 47.1 6.7 247.2
5:38.53 34.9 640664 169784 2400 47.1 7.9 244.7
5:39.33 34.9 641688 169572 2400 47.4 5.7 244.7
5:40.14 35.0 642712 169952 2400 44.4 7.4 238.2
5:41.05 34.7 643992 168724 2396 44.4 7.5 237.2
5:41.91 34.9 645144 169464 2396 52.9 6.7 235.0
5:42.76 34.8 646168 169272 2396 50.0 6.9 232.2
5:43.59 34.8 647320 169104 2396 43.8 8.2 230.0
5:44.44 34.8 648472 169004 2396 44.4 9.1 228.0
5:45.27 34.8 649496 168996 2396 50.0 6.8 226.2
5:46.09 34.6 650648 168176 2396 43.8 5.2 224.0
5:46.95 34.8 651672 169032 2396 44.4 5.3 219.7
5:47.76 34.5 652568 167876 2396 43.8 7.7 219.7
5:48.59 34.7 653592 168900 2396 43.8 5.9 214.7
5:49.45 34.4 654616 167384 2396 46.7 7.8 211.7
5:50.27 34.4 655768 167092 2396 44.4 5.3 211.7
5:51.08 34.6 656792 168116 2396 38.9 8.5 206.7
5:51.93 34.3 657944 166708 2396 44.4 6.0 206.7
5:52.77 34.5 658968 167732 2396 50.0 8.6 202.5
5:53.62 34.3 660120 166668 2396 52.9 6.5 202.5
5:54.47 34.5 661272 167820 2396 58.8 9.4 199.0
5:55.31 34.4 662424 167272 2396 43.8 8.0 199.0
5:56.14 34.6 663448 168296 2396 44.4 9.3 195.7
5:56.95 34.5 664472 167576 2396 37.5 7.4 195.7
5:57.79 34.7 665624 168732 2396 50.0 5.8 195.5
5:58.60 34.6 666648 168252 2396 40.0 6.1 192.7
5:59.44 34.8 667800 169404 2396 47.1 7.0 191.0
6:00.25 34.9 668824 169440 2396 44.4 6.7 190.5
6:01.06 34.9 669848 169776 2376 41.2 6.7 177.2
6:02.10 34.0 671256 165120 2376 45.0 5.9 177.2
6:02.94 34.2 672280 166144 2376 44.4 8.9 173.7
6:03.79 34.0 673432 165500 2376 42.1 6.6 173.7
6:04.64 34.3 674456 166524 2376 47.1 5.0 173.5
6:05.47 34.1 675608 166028 2376 42.1 7.7 170.5
6:06.32 34.4 676632 167052 2376 42.1 5.4 170.5
6:07.18 34.3 677656 166780 2376 40.0 6.7 168.0
6:08.02 34.5 678808 167932 2376 47.4 9.0 166.2
6:08.85 34.6 679832 168076 2376 47.1 7.5 164.0
6:09.67 34.5 680856 167872 2376 38.9 6.3 163.2
6:10.50 34.7 681880 168572 2376 47.1 6.0 163.2
6:11.34 34.6 683032 168076 2376 38.9 5.6 160.0
6:12.17 34.8 684056 169100 2376 44.4 5.8 158.2
6:13.00 34.8 685080 169212 2376 42.1 8.1 155.0
6:13.82 34.7 686104 168608 2376 42.1 5.0 152.2
6:14.62 34.6 687128 168244 2376 35.3 6.5 152.2
6:15.48 34.8 688024 169140 2376 42.1 5.0 148.0
6:16.32 34.5 689048 167896 2376 46.7 5.9 148.0
6:17.18 34.7 690072 168920 2376 50.0 10.2 144.0
6:18.00 34.5 691096 167912 2376 41.2 7.7 144.0
6:18.81 34.8 692248 169064 2376 41.2 8.3 139.5
6:19.67 34.2 693272 166520 2376 50.0 7.1 137.0
6:20.50 34.5 694424 167672 2376 50.0 6.8 135.2
6:21.32 34.6 695576 167996 2376 41.2 7.8 132.5
6:22.15 34.5 696600 167608 2376 44.4 5.8 132.5
6:22.97 34.3 697624 166980 2376 42.1 6.8 129.2
6:23.78 34.6 698648 168004 2376 38.9 5.1 126.7
6:24.59 34.4 699544 167416 2376 36.8 6.5 126.7
6:25.43 34.6 700440 168440 2376 50.0 8.5 123.7
6:26.20 34.5 701208 167752 2376 44.4 6.8 123.7
6:27.00 34.7 702104 168648 2376 47.1 5.0 120.5
6:27.78 34.5 703000 167828 2376 50.0 7.3 120.5
6:28.57 34.7 703896 168720 2376 47.1 5.6 119.5
6:29.37 34.7 704792 168712 2376 44.4 5.5 117.0
6:30.17 34.5 705688 167732 2376 55.6 6.0 115.2
6:30.97 34.5 706584 167956 2376 35.3 6.8 113.7
6:31.76 34.7 707352 168724 2376 42.1 5.4 111.2
6:32.60 34.6 707992 168084 2376 50.0 4.9 109.5
6:33.36 34.5 708632 167792 2376 43.8 6.1 109.5
6:34.15 34.5 709528 167712 2376 50.0 6.0 107.5
6:34.98 34.4 710424 167396 2376 50.0 7.1 105.0
6:35.74 34.5 710936 167904 2376 47.4 5.9 105.0
6:36.47 34.4 711576 167464 2376 35.3 7.0 103.0
6:37.30 34.6 712344 168228 2376 42.1 5.5 103.0
6:38.12 34.4 713112 167112 2376 47.1 8.1 99.2
6:38.93 34.6 714008 168008 2376 50.0 6.4 99.2
6:39.71 34.7 714776 168776 2376 50.0 9.1 95.5
6:40.50 34.5 715544 167676 2376 50.0 5.7 95.5
6:41.27 34.5 716312 167572 2376 47.1 6.5 94.0
6:42.06 34.6 717080 168340 2376 47.1 5.1 90.7
6:42.86 34.4 717720 167424 2376 45.0 8.5 90.7
6:43.66 34.6 718488 168192 2376 50.0 7.1 90.7
6:44.46 34.8 719256 168960 2376 41.2 5.4 90.7
6:45.25 34.6 720024 168096 2376 43.8 7.8 88.0
6:46.05 34.8 720920 169120 2376 50.0 6.0 88.2
6:46.85 34.9 721688 169888 2376 50.0 7.9 85.5
6:47.66 34.8 722456 169308 2376 44.4 5.2 85.5
6:48.45 34.6 723352 168404 2376 44.4 7.2 82.0
6:49.25 34.8 724248 169300 2376 44.4 5.5 82.0
6:50.04 34.7 725016 168704 2376 44.4 7.8 77.2
6:50.82 34.2 725784 166188 2376 50.0 6.6 72.7
6:51.63 34.1 726680 165996 2376 44.4 7.6 70.7
6:52.41 34.3 727448 166764 2376 44.4 6.1 70.7
6:53.21 34.2 728216 166452 2376 52.6 6.7 68.7
6:54.01 34.4 728984 167348 2376 50.0 9.1 66.2
6:54.80 34.3 729752 166788 2376 42.1 7.1 66.2
6:55.60 34.5 730648 167680 2376 38.9 5.3 62.7
6:56.40 34.3 731544 166892 2376 44.4 7.8 62.7
6:57.20 34.5 732440 167788 2376 50.0 6.3 62.7
6:58.02 34.5 733208 167524 2376 52.6 8.4 60.7
6:58.82 34.6 733976 168292 2376 52.9 6.7 60.7
6:59.62 34.8 734872 169184 2376 50.0 6.5 59.5
7:00.44 34.8 735640 169288 2376 50.0 8.4 56.7
7:01.22 34.7 736536 168808 2376 42.1 6.0 56.7
7:02.04 34.9 737432 169704 2376 50.0 8.3 54.0
7:02.85 34.8 738328 169188 2376 50.0 5.4 54.0
7:03.64 34.5 739224 167612 2376 50.0 6.7 49.2
7:04.45 34.6 739992 168380 2376 44.4 5.0 46.0
7:05.25 34.5 740888 167532 2376 44.4 5.5 46.0
7:06.04 34.4 741784 167420 2376 44.4 6.8 44.0
7:06.86 34.6 742552 168060 2376 44.4 5.0 41.0
7:07.67 34.5 743448 167588 2376 43.8 6.0 41.0
7:08.48 34.4 744472 167488 2376 47.1 6.7 38.7
7:09.29 34.6 745240 168256 2376 47.4 9.3 35.7
7:10.09 34.5 746136 167564 2376 52.9 7.8 35.7
7:10.89 34.6 746904 168336 2376 47.1 6.2 35.7
7:11.70 34.6 747800 168348 2376 50.0 6.1 33.9
7:12.50 34.7 748696 168564 2376 52.9 6.2 33.0
7:13.30 34.7 749592 168888 2376 50.0 6.2 31.4
7:14.12 34.7 750492 168752 2376 50.0 7.1 29.6
7:14.92 34.9 751256 169652 2376 44.4 5.4 26.4
7:15.73 34.7 752152 168840 2376 47.1 6.8 26.4
7:16.55 34.9 753048 169736 2376 44.4 7.2 24.6
7:17.62 34.5 754456 167888 2376 46.7 6.6 17.9
7:18.41 34.5 755352 167684 2376 44.4 7.5 17.9
7:19.21 34.6 756120 168452 2376 44.4 5.7 15.6
7:19.98 34.6 757016 168128 2376 43.8 7.1 15.6
7:20.77 34.8 757912 169024 2376 44.4 5.4 14.1
7:21.57 34.5 758680 167856 2376 44.4 5.7 10.6
7:22.38 34.5 759576 167920 2376 47.1 6.1 10.1
7:23.18 34.7 760472 168816 2376 47.1 7.1 8.1
7:23.98 34.7 761368 168736 2376 44.4 5.2 8.1
7:24.78 34.7 762136 168660 2376 44.4 5.4 6.6
7:25.58 34.7 763032 168568 2376 50.0 5.9 5.0
7:26.38 34.9 763928 169592 2376 44.4 5.5 4.4
7:27.19 34.8 764952 169344 2376 42.1 5.3 2.5
7:27.98 34.7 765848 168940 2376 47.1 6.3 0.0
7:28.78 35.0 767000 170096 2376 52.9 7.3 0.0
7:31.88 35.4 770584 171928 624 27.4 8.4 365.0
7:36.49 35.6 775064 173032 1524 94.1 149.0 365.2
7:37.98 36.0 776728 175012 1840 99.9 146.5 365.2
7:39.49 36.4 778520 176800 1840 99.9 144.8 365.2
7:40.95 36.7 780184 178468 1840 94.1 143.2 365.2
7:42.43 37.0 781848 180132 1840 99.9 141.5 365.2
7:43.90 37.4 783512 181668 1840 94.1 138.8 365.2
7:45.34 37.7 785048 183332 1840 88.2 137.3 365.2
7:46.83 38.0 786712 184996 1840 99.9 135.6 365.2
7:48.29 38.4 788376 186656 1840 99.9 133.9 365.2
7:49.75 38.7 790040 188324 1840 88.2 132.3 365.2
7:51.24 39.1 791704 189860 1840 99.9 130.8 365.2
7:52.74 39.4 793368 191652 1840 94.1 129.1 365.2
7:54.27 39.8 795160 193444 1840 94.1 127.4 365.2
7:55.76 40.1 796824 195104 1840 99.9 125.7 365.2
7:57.28 40.5 798488 196772 1840 99.9 123.9 365.2
7:58.80 40.8 800280 198564 1840 99.9 122.2 365.2
8:00.28 41.2 801944 200100 1840 82.4 120.6 365.2
8:01.73 41.5 803480 201764 1840 88.2 118.4 365.2
8:03.18 41.8 805144 203428 1840 83.3 116.8 365.2
8:04.63 42.2 806808 205092 1840 94.1 115.1 365.2
8:06.07 42.5 808472 206756 1840 88.2 113.5 365.2
8:07.47 42.8 809880 208164 1840 81.2 112.0 365.2
8:08.92 43.1 811288 209572 1840 82.4 110.6 365.2
8:10.37 43.4 812696 210980 1840 75.0 109.3 365.2
8:11.81 43.7 814104 212388 1840 78.9 107.8 365.2
8:13.33 44.0 815768 214052 1840 78.9 107.6 365.2
8:14.82 44.3 816920 215204 1840 72.2 105.1 365.2
8:16.37 44.5 818328 216484 1840 83.3 103.8 365.2
8:17.93 44.8 819480 217764 1840 83.3 102.7 365.2
8:19.51 45.0 820632 218916 1840 88.9 101.4 365.2
8:21.06 45.3 822040 220324 1840 99.9 100.1 365.2
8:22.54 45.6 823192 221476 1840 75.0 99.3 365.2
8:23.97 45.8 824472 222628 1840 76.5 98.9 365.2
8:25.43 46.1 825752 224036 1840 75.0 96.7 365.2
8:26.85 46.3 826904 225188 1840 56.2 95.6 365.2
8:28.25 46.5 827928 226212 1840 64.7 94.7 365.2
8:29.65 46.8 829080 227364 1840 82.4 94.3 365.2
8:31.16 47.0 830360 228644 1840 83.3 92.6 365.2
8:32.59 47.3 831640 229924 1840 75.0 90.6 365.2
8:34.11 47.6 832920 231204 1840 88.2 89.4 365.2
8:35.64 47.8 834200 232484 1840 87.5 88.3 365.2
8:37.13 48.1 835352 233636 1840 87.5 87.0 365.2
8:38.65 48.3 836632 234916 1840 88.2 86.6 365.2
8:40.17 48.6 837912 236196 1840 84.2 84.5 365.2
8:41.70 48.8 839192 237476 1840 94.1 83.4 365.2
8:43.23 49.1 840472 238752 1840 84.2 82.1 365.2
8:44.64 49.3 841624 239908 1840 76.5 81.0 365.2
8:46.09 49.6 842776 241060 1840 82.4 79.8 365.2
8:47.60 49.8 843928 242212 1840 80.0 77.5 365.2
8:49.15 50.1 845080 243364 1840 83.3 76.4 365.2
8:50.63 50.3 846232 244516 1840 78.9 75.2 365.2
8:52.18 50.6 847640 245924 1840 99.9 73.8 365.2
8:53.71 50.8 848920 247200 1840 87.5 72.6 365.2
8:55.23 51.1 850200 248484 1840 84.2 69.7 365.2
8:56.77 51.4 851480 249764 1840 77.8 68.4 365.2
8:58.30 51.7 852888 251172 1840 83.3 67.1 365.2
8:59.81 52.0 854296 252580 1840 72.2 65.7 365.2
9:01.33 52.2 855704 253988 1840 86.7 64.3 365.2
9:02.86 52.5 856984 255268 1840 93.3 63.0 365.2
9:04.42 52.8 858392 256676 1840 87.5 62.3 365.2
9:05.84 53.0 859544 257828 1840 76.5 62.1 365.2
9:07.35 53.3 860952 259236 1840 82.4 59.3 365.2
9:08.86 53.6 862232 260516 1840 78.9 58.0 365.2
9:10.40 54.0 864024 262308 1840 82.4 57.4 365.2
9:11.87 54.3 865560 263844 1840 66.7 55.9 365.2
9:13.35 54.6 867224 265504 1840 70.6 53.6 365.2
9:14.80 54.9 868760 267044 1840 76.5 50.1 365.2
9:16.47 55.3 870424 268708 1840 81.0 48.7 365.2
9:17.99 55.5 871704 269988 1840 84.2 47.2 365.2
9:19.53 55.8 873112 271396 1840 99.9 46.7 365.2
9:21.06 56.1 874520 272804 1840 94.1 44.5 365.2
9:22.58 56.4 876056 274340 1840 78.9 43.1 365.2
9:24.08 56.7 877592 275876 1840 64.7 41.6 365.2
9:25.59 57.0 879000 277284 1840 81.2 40.9 365.2
9:27.04 57.3 880408 278692 1840 81.2 39.5 365.2
9:28.52 57.6 881816 279972 1840 82.4 38.7 365.2
9:29.99 57.9 883224 281508 1840 99.9 36.0 365.2
9:31.52 58.2 884632 282916 1840 88.2 35.4 365.2
9:32.98 58.5 886040 284324 1840 76.5 33.5 365.2
9:34.40 58.7 887320 285604 1840 66.7 32.3 365.2
9:35.84 59.0 888732 286884 1840 68.8 31.3 365.2
9:37.27 59.3 890008 288164 1840 82.4 29.9 365.2
9:38.72 59.6 891416 289700 1840 75.0 28.1 365.2
9:40.14 59.8 892696 290980 1840 64.7 26.8 365.2
9:41.63 60.1 894104 292256 1840 78.9 25.4 365.2
9:43.11 60.5 895640 293924 1840 87.5 23.9 365.2
9:44.62 60.8 897176 295460 1840 83.3 22.3 365.2
9:46.09 61.1 898584 296868 1840 82.4 21.0 365.2
9:47.62 61.3 899992 298276 1840 88.2 19.6 365.2
9:49.11 61.6 901400 299684 1840 87.5 18.2 365.2
9:50.63 61.9 902808 301092 1840 94.4 16.8 365.2
9:52.12 62.2 904216 302500 1840 93.8 15.5 365.2
9:53.58 62.5 905624 303908 1840 76.5 14.0 365.2
9:55.13 62.8 907032 305316 1840 84.2 12.6 365.2
9:56.60 63.1 908440 306596 1840 82.4 11.2 365.2
9:58.07 63.4 909848 308132 1840 75.0 10.4 365.2
9:59.56 63.7 911256 309540 1840 81.2 8.4 365.2
10:01.03 63.9 912536 310692 1840 83.3 8.9 365.2
10:02.46 64.2 913944 312056 1840 64.7 6.7 365.0
10:03.85 64.4 915224 313128 1840 61.1 6.3 364.8
10:05.27 64.7 916632 314404 1840 44.4 7.4 364.8
10:06.71 65.0 918040 315944 1840 70.6 7.5 364.3
10:08.08 65.2 919448 316836 1840 68.8 7.6 363.3
10:09.51 65.3 920856 317284 1840 64.7 8.4 362.5
10:10.96 65.4 922520 318080 1840 63.2 6.8 362.5
10:12.38 65.6 923928 319152 1840 61.1 8.6 362.1
10:13.83 66.0 925720 320944 1840 76.5 6.9 362.1
10:15.25 66.2 927256 322100 1840 66.7 7.2 361.2
10:16.71 66.4 929048 322804 1840 55.6 7.0 360.4
10:18.17 66.5 930456 323236 1840 66.7 4.9 356.0
10:22.16 66.0 935192 320912 1840 42.9 5.6 352.9
10:23.60 66.3 936984 322192 1840 64.7 5.0 351.8
10:25.07 66.3 938776 322488 1840 64.7 5.0 349.1
10:27.32 65.9 941336 320548 1840 63.2 5.2 346.5
10:28.87 65.9 943384 320372 1840 57.9 7.4 344.3
10:30.29 66.2 944920 321908 1840 70.6 6.8 343.8
10:31.78 66.2 946712 321864 1840 61.1 6.9 342.0
10:33.24 66.2 948248 321968 1840 68.4 7.7 340.0
10:34.69 66.4 950168 322740 1840 66.7 7.3 338.9
10:36.21 66.4 952088 323076 1840 71.4 6.0 338.5
10:37.65 66.4 953496 322752 1840 65.0 6.5 336.9
10:39.13 66.3 955032 322448 1840 70.0 6.7 335.0
10:40.62 66.2 956824 321952 1840 65.0 7.4 332.7
10:42.10 66.2 958488 321700 1840 63.2 8.0 330.9
10:43.53 66.5 960280 323492 1840 70.6 6.3 330.9
10:44.95 66.2 961816 322016 1840 68.4 8.3 327.9
10:46.42 66.6 963480 323680 1840 83.3 6.7 327.9
10:47.89 66.8 965016 324764 1840 83.3 5.3 327.5
10:49.35 67.0 966680 325680 1840 94.1 5.1 326.3
10:50.77 67.1 968344 326104 1840 83.3 5.1 325.0
10:52.21 67.0 969880 325976 1840 83.3 5.1 323.7
10:53.61 66.4 971544 322908 1836 93.8 5.5 319.3
10:55.01 65.7 973080 319652 1836 94.1 8.3 314.6
10:56.48 66.1 974744 321316 1836 88.9 6.7 314.6
10:57.94 66.4 976408 322980 1836 88.2 5.1 313.9
10:59.36 66.0 977944 320828 1836 94.1 7.2 311.0
11:00.82 66.3 979608 322492 1836 94.1 5.5 311.0
11:02.24 65.7 981272 319660 1836 84.2 6.8 306.6
11:03.70 66.1 982808 321200 1836 88.2 5.3 306.6
11:05.10 65.7 984344 319536 1836 83.3 6.3 303.5
11:06.56 66.0 985880 321072 1836 77.8 6.0 302.0
11:07.98 65.9 987416 320352 1836 83.3 5.1 301.1
11:09.44 65.9 989080 320196 1836 88.9 5.1 299.5
11:10.81 65.1 990616 316488 1836 88.2 7.5 294.4
11:12.27 65.4 992280 318152 1836 99.9 6.0 294.4
11:13.71 65.6 993944 318760 1836 88.2 5.3 293.4
11:15.17 65.8 995608 319732 1836 94.1 6.3 291.2
11:16.59 65.8 997144 319792 1836 83.3 5.1 290.8
11:18.02 65.8 998808 320012 1836 83.3 5.0 284.9
11:19.48 65.1 1000472 316648 1836 93.8 6.7 284.9
11:20.93 65.5 1002136 318312 1836 99.9 5.1 284.3
11:22.36 65.5 1003672 318376 1836 88.9 5.7 283.5
11:23.83 65.8 1005336 319904 1836 94.1 5.8 282.5
11:25.25 65.6 1007000 318868 1836 99.9 5.3 280.7
11:26.67 65.4 1008536 317776 1836 94.1 5.4 278.1
11:28.09 65.2 1010072 316836 1836 94.1 6.4 275.7
11:29.54 65.5 1011736 318500 1836 88.2 8.2 272.0
11:30.94 65.0 1013272 316228 1836 88.2 6.8 272.0
11:32.39 65.4 1014936 317764 1836 94.1 5.2 272.0
11:33.80 65.2 1016472 316784 1836 94.1 6.5 269.4
11:35.25 65.5 1018136 318452 1836 94.1 4.9 268.7
11:36.98 65.0 1020184 315852 1836 87.5 7.3 264.8
11:38.43 64.6 1021848 314140 1836 63.2 8.8 261.6
11:39.88 65.0 1023512 315800 1836 75.0 7.3 261.6
11:41.38 65.2 1024920 317208 1836 83.3 5.9 261.6
11:42.78 64.8 1026456 315240 1836 82.4 7.8 258.1
11:44.25 65.2 1028120 316904 1836 77.8 6.3 258.1
11:45.63 65.2 1029400 316904 1836 72.2 6.2 256.9
11:47.04 65.0 1030680 316140 1836 75.0 6.2 254.9
11:48.47 65.3 1031960 317416 1836 93.3 4.9 253.8
11:49.91 65.3 1033368 317592 1836 88.2 8.2 250.3
11:51.32 64.9 1034776 315564 1836 99.9 6.6 250.3
11:52.74 65.2 1036312 317104 1836 94.1 5.2 250.1
11:54.20 65.2 1037976 317084 1836 89.5 8.5 244.8
11:55.61 64.7 1039512 314492 1836 99.9 6.8 244.8
11:57.05 65.1 1041176 316284 1836 99.9 5.2 244.4
11:58.44 64.5 1042712 313676 1836 88.2 6.2 240.7
11:59.90 64.3 1044248 312596 1836 82.4 7.4 238.2
12:01.35 64.6 1045784 314132 1836 88.9 5.8 238.2
12:02.78 64.4 1047448 313116 1836 94.1 6.4 235.6
12:04.23 64.7 1049112 314784 1836 94.1 5.8 229.6
12:05.73 63.9 1051032 310672 1836 88.9 6.3 229.6
12:07.16 64.2 1052568 312208 1836 88.2 7.0 227.5
12:08.62 64.1 1054232 311656 1836 93.8 8.1 221.6
12:10.03 63.2 1055896 307192 1836 94.1 6.7 221.6
12:11.49 63.6 1057560 308984 1836 99.9 6.3 219.0
12:12.92 63.1 1059224 306968 1836 94.1 7.1 218.0
12:14.38 63.5 1060760 308504 1836 99.9 5.5 217.0
12:15.78 63.3 1062296 307576 1836 77.8 6.6 215.6
12:17.28 63.6 1063832 309112 1836 88.2 5.0 211.7
12:18.71 63.1 1065496 306804 1836 88.2 6.8 211.7
12:20.20 63.4 1067160 308464 1836 94.1 5.1 209.3
12:21.62 63.2 1068568 307424 1836 94.1 5.1 208.4
12:23.03 63.3 1070104 307988 1836 94.1 5.6 206.6
12:24.47 63.3 1071768 307788 1836 94.1 5.7 205.6
12:25.92 63.4 1073432 308436 1836 99.9 5.3 202.3
12:27.33 63.1 1075096 306804 1836 88.2 6.0 200.3
12:28.77 63.0 1076760 306404 1836 88.2 6.7 200.3
12:30.26 63.3 1078424 307792 1836 99.9 5.4 196.0
12:31.67 62.8 1079960 305188 1836 99.9 6.9 196.0
12:33.11 63.1 1081624 306852 1836 93.8 5.2 194.7
12:34.53 62.9 1083288 305960 1836 93.8 6.0 193.5
12:35.98 63.2 1084824 307496 1836 94.1 6.2 190.1
12:37.43 62.9 1086488 305652 1836 94.1 5.4 187.8
12:38.84 62.7 1088152 304960 1836 94.1 6.7 187.8
12:40.33 63.0 1089688 306492 1836 88.2 5.0 183.8
12:41.82 62.5 1091352 304084 1836 94.4 5.5 180.8
12:43.29 62.3 1093016 302668 1836 88.9 8.1 180.8
12:44.77 62.6 1094552 304204 1836 94.1 5.1 180.8
12:46.18 62.9 1096088 305740 1836 82.4 5.4 178.6
12:47.64 62.7 1097496 304912 1836 88.2 8.6 173.6
12:49.02 62.0 1099160 301504 1836 88.2 6.9 173.6
12:50.50 62.4 1100824 303168 1836 87.5 5.1 173.6
12:51.99 62.7 1102360 304700 1836 88.2 9.0 168.1
12:53.45 61.8 1103896 300532 1836 82.4 8.7 168.1
12:54.94 62.1 1105432 302068 1836 77.8 7.1 168.1
12:56.41 62.4 1107096 303604 1836 83.3 9.6 164.7
12:57.82 62.1 1108760 301948 1836 76.5 7.8 164.7
12:59.30 62.4 1110424 303612 1836 77.8 6.8 164.7
13:00.78 62.8 1112088 305276 1836 75.0 8.2 162.0
13:02.20 62.5 1113624 304020 1836 87.5 5.9 162.0
13:03.66 62.8 1115416 305296 1836 76.5 5.9 160.3
13:05.12 62.9 1117080 305780 1836 81.2 8.4 157.2
13:06.53 62.6 1118744 304328 1836 72.2 6.3 157.2
13:08.00 62.9 1120408 305992 1836 76.5 8.2 154.5
13:09.46 62.7 1122072 304872 1836 82.4 6.6 154.5
13:10.91 63.0 1123736 306540 1836 76.5 7.0 152.6
13:12.41 63.0 1125528 306272 1836 78.9 5.5 152.6
13:13.88 62.7 1127192 304908 1836 55.6 5.5 149.6
13:15.40 62.6 1128856 304324 1836 68.4 6.0 147.4
13:16.85 62.3 1130520 302952 1836 57.9 7.8 144.4
13:18.31 62.7 1132184 304620 1836 68.8 6.7 144.4
13:19.83 62.5 1133976 303884 1836 85.7 6.3 140.7
13:21.30 62.6 1135512 304176 1836 87.5 6.9 139.6
13:23.19 61.8 1137688 300456 1836 88.1 8.3 134.9
13:24.63 62.1 1139224 301992 1836 70.6 6.8 134.9
13:26.06 61.7 1140888 300060 1836 58.8 9.9 131.4
13:27.49 62.0 1142424 301596 1836 70.6 8.5 131.4
13:28.91 62.3 1143704 302876 1836 93.8 7.2 131.4
13:30.34 62.5 1145112 303920 1836 63.6 6.2 131.1
13:31.73 62.0 1146392 301500 1836 57.9 8.6 127.5
13:33.16 62.3 1147800 302908 1836 88.2 7.2 127.5
13:34.59 62.4 1149208 303224 1836 75.0 7.6 125.4
13:36.14 62.5 1150616 303668 1836 76.5 6.3 125.4
13:37.59 62.1 1152280 301744 1836 72.2 8.8 121.9
13:39.06 62.4 1153944 303408 1836 76.5 7.1 121.9
13:40.50 62.1 1155480 302144 1836 59.1 7.7 119.2
13:41.98 62.5 1157144 303808 1836 78.9 6.1 119.2
13:43.41 62.1 1158808 302128 1836 93.3 7.9 115.9
13:44.86 62.4 1160344 303536 1836 87.5 6.4 115.9
13:46.29 62.4 1161880 303272 1836 73.7 7.2 114.0
13:47.76 62.7 1163544 304936 1836 88.9 5.5 114.0
13:49.17 62.4 1165080 303388 1836 88.9 6.8 111.0
13:50.59 62.2 1166616 302580 1836 64.7 7.7 108.7
13:52.09 62.6 1168280 304244 1836 77.8 6.0 108.7
13:54.24 62.6 1170968 304420 1836 92.3 8.7 104.2
13:55.69 62.5 1172632 303848 1836 73.7 7.3 104.2
13:57.18 62.4 1174296 303292 1836 66.7 8.5 101.9
13:58.68 62.8 1176216 305212 1836 78.9 7.2 101.1
14:00.16 62.4 1178136 303540 1836 57.1 8.9 98.4
14:01.68 62.8 1179928 305332 1836 99.9 7.1 98.4
14:03.14 62.6 1181592 304132 1836 73.7 9.7 95.6
14:04.60 62.9 1183256 305796 1836 82.4 8.1 95.6
14:06.03 63.2 1184920 307332 1836 72.2 6.4 94.3
14:07.42 62.8 1186584 305112 1836 81.2 6.8 91.6
14:08.85 62.3 1188248 303032 1836 55.0 9.0 88.0
14:10.33 62.7 1189912 304700 1836 83.3 7.3 88.0
14:11.81 63.0 1191576 306364 1836 88.9 5.7 88.0
14:13.23 62.9 1193240 305588 1836 88.9 8.0 85.6
14:14.69 63.2 1194904 307252 1836 83.3 6.4 85.6
14:16.15 63.5 1196568 308916 1836 94.1 8.3 82.2
14:17.55 63.2 1198104 307048 1836 93.8 5.1 81.0
14:19.00 63.2 1199768 307464 1836 94.4 5.8 78.9
14:20.44 63.1 1201432 306976 1836 94.1 5.5 78.9
14:21.87 63.0 1203096 306216 1836 94.1 7.0 76.5
14:23.34 63.3 1204760 307880 1836 99.9 5.4 76.5
14:24.72 62.8 1206296 305460 1836 99.9 7.5 72.7
14:26.18 63.2 1208088 307252 1836 99.9 5.9 72.7
14:27.61 62.9 1209624 305800 1836 99.9 7.2 69.8
14:29.04 63.2 1211288 307464 1836 88.2 5.5 69.8
14:30.45 63.1 1212952 306828 1836 99.9 6.7 67.5
14:31.93 63.5 1214616 308492 1836 93.8 5.1 67.1
14:33.34 63.4 1216280 308256 1836 94.1 5.7 65.6
14:34.79 63.6 1217944 309416 1836 88.9 5.6 64.1
14:36.19 63.5 1219480 308760 1836 99.9 5.1 62.6
14:37.60 63.6 1221144 309204 1836 83.3 4.8 60.7
14:39.02 63.6 1222680 309044 1836 88.2 6.4 59.1
14:40.44 63.6 1224088 309396 1836 99.9 5.1 59.1
14:41.86 63.6 1225624 309088 1836 94.1 5.7 57.3
14:43.28 63.4 1227160 308316 1836 94.1 7.2 55.1
14:44.73 63.8 1228824 309980 1836 94.1 5.6 55.1
14:46.16 63.6 1230360 309232 1836 94.1 6.4 52.8
14:47.62 63.9 1232024 310764 1836 94.1 6.2 51.7
14:49.06 64.0 1233688 311388 1836 99.9 7.6 49.2
14:50.44 63.8 1235224 310404 1836 88.2 4.9 48.2
14:51.90 63.9 1236760 310888 1836 99.9 6.8 46.3
14:53.32 63.9 1238424 310596 1836 88.9 5.5 46.3
14:54.78 63.8 1240088 310032 1836 99.9 5.3 43.7
14:56.21 63.8 1241752 310300 1836 88.2 5.9 41.7
14:57.74 64.0 1243672 310964 1836 94.1 5.4 40.5
14:59.20 64.0 1245336 310968 1836 94.1 6.0 39.0
15:00.63 64.1 1246872 311540 1836 88.2 9.3 35.6
15:02.05 63.7 1248408 309488 1836 88.9 5.8 35.2
15:03.51 63.9 1250200 310716 1836 99.9 5.0 32.9
15:04.92 63.6 1251736 309264 1836 76.5 6.8 32.0
15:06.38 64.0 1253400 310928 1836 88.2 5.2 29.7
15:07.76 63.6 1254808 309288 1836 93.8 7.1 29.0
15:09.23 64.0 1256600 310952 1836 88.2 5.3 26.4
15:10.66 63.8 1258264 310072 1836 99.9 6.5 26.4
15:12.12 64.1 1259928 311736 1836 94.1 4.9 23.5
15:13.51 63.8 1261464 310368 1836 88.2 6.3 23.5
15:14.98 64.2 1263128 312036 1836 93.8 5.0 22.9
15:16.45 64.2 1264920 312040 1836 93.8 4.9 20.8
15:17.89 64.3 1266456 312544 1836 94.1 5.1 20.2
15:19.34 64.3 1268120 312828 1836 88.2 9.4 15.8
15:20.76 63.9 1269784 310760 1836 88.9 7.4 15.8
15:22.23 64.3 1271448 312424 1836 93.8 5.8 15.8
15:23.66 64.5 1273112 313620 1836 83.3 5.0 15.0
15:25.06 64.2 1274648 311924 1836 94.1 6.1 12.2
15:26.54 64.4 1276184 312940 1836 94.1 5.8 11.4
15:28.00 64.7 1277848 314388 1836 94.1 5.4 8.5
15:29.42 64.4 1279384 312964 1836 88.2 5.8 8.0
15:30.90 64.6 1281048 314032 1836 88.2 5.3 3.9
15:32.36 64.1 1282840 311668 1836 94.1 6.4 3.9
15:33.85 64.5 1284632 313460 1836 94.1 7.8 0.8
15:35.29 64.2 1286296 311948 1836 99.9 6.3 0.8
15:36.74 64.3 1287832 312776 1836 93.8 4.9 0.0
15:39.90 64.8 1291160 314900 852 74.4 7.6 737.1
317.6 737.5
317.6 737.5
317.6 737.5
317.6 737.5
317.9 738.0
317.8 738.0
317.7 738.0
317.7 738.0
317.7 738.0
317.5 738.1
317.4 738.1
317.4 738.1
317.3 738.1
317.3 738.1
308.7 738.1
308.5 738.1
308.5 738.1
308.3 738.1
308.3 738.1
310.7 738.1
310.7 738.1
307.8 738.1
307.8 738.1
307.8 738.1
307.8 738.1
307.9 738.1
307.9 738.1
308.5 738.1
308.5 738.1
311.2 738.1
311.2 738.1
311.2 738.1
311.2 738.1
311.2 738.1
311.2 738.1
311.2 738.1
311.2 738.1
311.2 738.1
311.1 738.1
311.2 738.1
311.2 738.1
311.1 738.1
311.2 738.1
311.2 738.1
311.2 738.1
311.2 738.1
311.2 738.1
311.2 738.1
311.1 738.1
311.1 738.1
311.1 738.1
311.1 738.1
311.1 738.1
309.6 738.1
309.6 738.1
309.5 738.1
309.6 738.1
309.6 738.1
309.5 738.1
309.6 738.1
309.5 738.1
309.6 738.1
309.6 738.1
309.6 738.1
309.5 738.1
309.5 738.1
309.5 738.1
309.6 738.1
309.6 738.1
309.6 738.1
309.6 738.1
308.3 738.1
308.3 738.1
308.3 738.1
308.3 738.1
308.3 738.1
308.3 738.1
308.3 738.1
308.3 738.1
308.2 738.1
308.2 738.1
308.3 738.1
308.3 738.1
308.2 738.1
308.2 738.1
308.3 738.1
308.3 738.1
308.2 738.1
308.2 738.1
308.2 738.1
308.2 738.1
308.3 738.1
308.3 738.1
308.2 738.1
308.2 738.1
308.2 738.1
308.2 738.1
308.2 738.1
308.3 738.1
308.1 738.1
308.2 738.1
308.2 738.1
308.2 738.1
308.2 738.1
308.2 738.1
308.2 738.1
308.2 738.1
306.8 738.1
306.7 738.1
306.8 738.1
306.7 738.1
306.8 738.1
306.8 738.1
306.8 738.1
306.9 738.1
306.8 738.1
306.8 738.1
306.9 738.1
306.8 738.1
306.8 738.1
306.9 738.1
306.9 738.1
306.8 738.1
306.8 738.1
306.8 738.1
306.8 738.1
306.7 738.1
305.6 738.1
305.9 738.1
306.0 738.1
306.0 738.1
306.0 738.1
306.0 738.1
305.9 738.1
305.9 738.1
306.4 738.1
305.9 738.1
306.4 738.1
305.6 738.1
305.9 738.1
306.7 738.1
305.8 738.1
305.8 738.1
305.7 738.1
305.8 738.1
305.3 738.1
305.8 738.1
305.7 738.1
305.8 738.1
306.2 738.1
305.7 738.1
305.8 738.1
305.6 738.3
303.7 738.3
303.7 738.3
303.8 738.3
304.6 738.3
304.6 738.3
303.8 738.3
303.7 738.3
305.5 738.3
305.4 738.3
305.2 738.3
305.2 738.3
305.5 738.3
305.2 738.3
305.2 738.3
305.7 738.3
305.7 738.3
305.2 738.3
305.2 738.3
305.3 738.3
305.7 738.3
305.2 738.3
305.3 738.3
305.5 738.3
305.2 738.3
305.2 738.3
305.4 738.3
305.2 738.3
305.2 738.3
305.2 738.3
305.1 738.3
305.7 738.3
305.4 738.3
305.1 738.3
305.3 738.3
305.8 738.3
305.1 738.3
305.2 738.3
304.7 738.3
304.5 738.3
305.1 738.3
305.2 738.3
305.2 738.3
305.6 738.3
305.2 738.3
305.2 738.3
305.2 738.3
304.6 738.3
304.6 738.3
305.4 738.3
305.2 738.3
304.6 738.3
304.9 738.3
305.2 738.3
305.2 738.3
305.2 738.3
305.2 738.3
305.2 738.3
305.2 738.3
305.5 738.3
305.1 738.3
305.2 738.3
305.4 738.3
305.3 738.3
305.2 738.3
305.4 738.3
305.1 738.3
305.2 738.3
305.3 738.3
305.6 738.3
305.2 738.3
306.1 738.3
305.5 738.3
306.1 738.3
304.6 738.3
305.6 738.3
306.1 738.3
305.2 738.3
305.4 738.3
305.7 738.3
304.9 738.3
305.2 738.3
305.2 738.3
305.2 738.3
304.7 738.3
305.1 738.3
305.3 738.3
305.2 738.3
305.2 738.3
305.2 738.3
305.2 738.3
305.2 738.3
304.6 738.3
304.5 738.3
305.2 738.3
304.7 738.3
305.2 738.3
305.1 738.3
306.0 738.3
305.1 738.3
305.2 738.3
304.6 738.3
305.6 738.3
305.3 738.3
302.9 738.3
303.4 738.3
303.8 738.3
303.8 738.3
304.3 738.3
303.6 738.3
304.0 738.3
303.4 738.3
303.4 738.3
303.6 738.3
303.3 738.3
303.9 738.3
303.4 738.3
303.4 738.3
303.4 738.3
304.2 738.3
303.8 738.3
303.3 738.3
302.8 738.3
303.7 738.3
303.6 738.3
303.4 738.3
303.3 738.3
303.4 738.3
303.4 738.3
304.0 738.3
303.9 738.3
303.4 738.3
302.8 738.3
303.9 738.3
303.4 738.3
303.4 738.3
303.4 738.3
303.1 738.3
303.4 738.3
303.4 738.3
303.4 738.3
303.4 738.3
302.7 738.3
303.4 738.3
303.4 738.3
303.8 738.3
303.3 738.3
303.4 738.3
303.4 738.3
304.3 738.3
303.4 738.3
304.5 738.3
304.5 738.3
304.4 738.3
306.0 738.3
306.0 738.3
304.4 738.3
304.4 738.3
305.0 738.3
305.0 738.3
305.0 738.3
305.0 738.3
305.1 738.3
305.9 738.3
305.4 738.3
305.0 738.3
304.6 738.3
305.9 738.3
305.0 738.3
305.4 738.3
305.0 738.3
305.4 738.3
304.4 738.3
305.0 738.3
304.7 738.3
305.4 738.3
305.0 738.3
305.9 738.3
305.0 738.3
305.0 738.3
305.4 738.3
305.0 738.3
304.4 738.3
304.4 738.3
304.4 738.3
304.4 738.3
304.4 738.3
304.4 738.3
304.3 738.3
304.4 738.3
304.4 738.3
304.3 738.3
304.4 738.3
304.4 738.3
304.3 738.3
304.4 738.3
304.5 738.3
305.0 738.3
304.9 738.3
305.0 738.3
305.0 738.3
305.0 738.3
305.0 738.3
304.9 738.3
305.0 738.3
304.3 738.3
304.3 738.3
304.4 738.3
304.4 738.3
304.4 738.3
304.4 738.3
304.4 738.3
304.4 738.3
304.4 738.3
304.4 738.3
304.4 738.3
304.4 738.3
304.4 738.3
304.4 738.3
304.4 738.3
304.4 738.3
304.4 738.3
304.4 738.3
304.4 738.3
304.4 738.3
304.4 738.3
304.4 738.3
305.0 738.3
305.0 738.3
305.0 738.3
305.0 738.3
305.0 738.3
305.0 738.3
305.0 738.3
305.0 738.3
305.0 738.3
305.0 738.3
305.0 738.3
305.0 738.3
305.0 738.3
305.0 738.3
305.0 738.3
305.0 738.3
305.0 738.3
305.0 738.3
305.0 738.3
305.0 738.3
305.0 738.3
305.0 738.3
305.0 738.3
305.0 738.3
305.0 738.3
305.0 738.3
305.0 738.3
305.0 738.3
305.0 738.3
305.0 738.3
305.0 738.3
305.0 738.3
305.0 738.3
305.0 738.3
305.0 738.3
305.0 738.3
305.0 738.3
305.0 738.3
304.9 738.3
305.0 738.3
305.0 738.3
305.0 738.3
305.0 738.3
305.0 738.3
305.0 738.3
305.0 738.3
305.0 738.3
305.0 738.3
304.9 738.3
305.0 738.3
304.9 738.3
304.9 738.3
305.0 738.3
305.0 738.3
305.0 738.3
306.1 738.3
306.1 738.3
306.1 738.3
306.1 738.3
306.1 738.3
306.1 738.3
306.1 738.3
306.1 738.3
306.1 738.3
306.1 738.3
306.0 738.3
306.1 738.3
305.0 738.3
305.0 738.3
305.0 738.3
305.0 738.3
305.0 738.3
306.1 738.3
306.1 738.3
306.1 738.3
306.1 738.3
306.1 738.3
306.1 738.3
305.0 738.3
305.2 738.3
306.1 738.3
305.0 738.3
305.0 738.3
305.0 738.3
305.0 738.3
305.0 738.3
305.0 738.3
305.0 738.3
305.0 738.3
305.0 738.3
304.9 738.3
305.0 738.3
305.5 738.3
306.1 738.3
305.4 738.3
306.1 738.3
306.1 738.3
306.1 738.3
305.0 738.3
305.0 738.3
305.0 738.3
305.0 738.3
304.9 738.3
305.0 738.3
304.9 738.3
305.0 738.3
305.0 738.3
305.0 738.3
304.9 738.3
304.9 738.3
304.9 738.3
305.0 738.3
305.0 738.3
305.0 738.3
304.9 738.3
305.0 738.3
305.0 738.3
304.9 738.3
305.0 738.3
304.9 738.3
304.9 738.3
304.9 738.3
304.9 738.3
304.9 738.3
304.9 738.3
304.9 738.3
304.9 738.3
304.9 738.3
304.9 738.3
304.9 738.3
304.9 738.3
304.9 738.3
304.9 738.3
304.9 738.3
304.9 738.3
304.9 738.3
304.9 738.3
304.9 738.3
304.8 738.3
304.9 738.3
304.9 738.3
304.9 738.3
304.9 738.3
304.9 738.3
304.9 738.3
304.9 738.3
304.9 738.3
304.9 738.3
304.8 738.3
304.9 738.3
304.9 738.3
304.9 738.3
304.9 738.3
305.0 738.3
304.9 738.3
304.3 738.3
304.3 738.3
304.3 738.3
304.3 738.3
304.3 738.3
304.6 738.3
304.9 738.3
305.5 738.3
304.3 738.3
304.3 738.3
304.3 738.3
304.4 738.3
304.3 738.3
304.7 738.3
305.0 738.3
304.4 738.3
304.3 738.3
304.3 738.3
304.3 738.3
305.4 738.3
305.2 738.3
304.3 738.3
304.3 738.3
304.3 738.3
304.3 738.3
304.9 738.3
304.3 738.3
305.3 738.3
304.9 738.3
304.9 738.3
305.0 738.3
304.9 738.3
304.9 738.3
304.9 738.3
305.0 738.3
305.0 738.3
305.0 738.3
305.0 738.3
305.0 738.3
304.9 738.3
304.9 738.3
304.9 738.3
304.8 738.3
304.9 738.3
304.9 738.3
304.9 738.3
305.0 738.3
304.9 738.3
305.0 738.3
305.0 738.3
304.9 738.3
304.9 738.3
304.9 738.3
304.9 738.3
304.9 738.3
304.9 738.3
304.9 738.3
304.9 738.3
304.9 738.3
304.9 738.3
304.9 738.3
304.9 738.3
304.9 738.3
304.9 738.3
304.9 738.3
304.9 738.3
304.9 738.3
304.9 738.3
304.9 738.3
304.9 738.3
304.9 738.3
304.9 738.3
304.9 738.3
304.9 738.3
304.9 738.3
304.9 738.3
304.8 738.3
304.9 738.3
304.9 738.3
304.9 738.3
304.9 738.3
304.9 738.3
305.0 738.3
304.9 738.3
304.9 738.3
304.4 738.3
304.9 738.3
305.0 738.3
304.3 738.3
304.3 738.3
304.3 738.3
304.3 738.3
304.3 738.3
304.3 738.3
304.3 738.3
304.3 738.3
304.3 738.3
304.3 738.3
304.3 738.3
304.3 738.3
304.3 738.3
304.3 738.3
304.3 738.3
304.3 738.3
304.3 738.3
304.3 738.3
304.3 738.3
304.3 738.3
304.3 738.3
304.3 738.3
304.3 738.3
304.3 738.3
304.3 738.3
304.3 738.3
304.3 738.3
304.3 738.3
304.3 738.3
304.3 738.3
304.3 738.3
304.3 738.3
304.3 738.3
304.3 738.3
304.3 738.3
304.1 738.3
304.1 738.3
304.1 738.3
304.1 738.3
304.1 738.3
304.1 738.3
304.1 738.3
304.0 738.3
304.1 738.3
304.6 738.3
304.7 738.4
303.9 738.4
303.9 738.4
303.9 738.4
303.9 738.4
303.9 738.4
303.9 738.4
303.9 738.4
304.0 738.4
304.6 738.4
304.0 738.4
304.0 738.4
304.4 738.4
304.0 738.4
304.0 738.4
304.6 738.4
304.0 738.4
304.3 738.4
304.3 738.4
303.9 738.4
303.9 738.4
303.8 738.4
303.9 738.4
303.8 738.4
303.9 738.4
303.7 738.4
303.8 738.4
303.9 738.4
303.8 738.4
303.9 738.4
303.9 738.4
303.9 738.4
303.9 738.4
303.9 738.4
303.9 738.4
303.9 738.4
303.9 738.4
303.9 738.4
303.9 738.4
303.9 738.4
303.9 738.4
303.9 738.4
303.9 738.4
303.9 738.4
303.9 738.4
303.9 738.4
303.9 738.4
303.9 738.4
303.9 738.4
303.9 738.4
303.9 738.4
303.9 738.4
303.9 738.4
303.9 738.4
303.9 738.4
303.9 738.4
303.9 738.4
303.9 738.4
303.9 738.4
303.9 738.4
303.9 738.4
303.9 738.4
303.9 738.4
303.9 738.4
303.9 738.4
303.9 738.4
303.9 738.4
303.9 738.4
303.9 738.4
303.9 738.4
303.9 738.4
303.9 738.4
303.9 738.4
303.9 738.4
303.9 738.4
303.9 738.4
303.9 738.4
303.9 738.4
303.9 738.4
303.9 738.4
303.9 738.4
303.9 738.4
303.9 738.4
303.9 738.4
303.9 738.4
303.9 738.4
303.9 738.4
303.8 738.4
303.9 738.4
303.9 738.4
303.9 738.4
303.9 738.4
303.9 738.4
303.8 738.4
303.8 738.4
303.9 738.4
303.8 738.4
303.9 738.4
303.9 738.4
304.3 738.4
304.0 738.4
304.0 738.4
304.0 738.4
304.0 738.4
304.0 738.4
304.3 738.4
304.0 738.4
303.8 738.4
303.9 738.4
303.8 738.4
303.8 738.4
304.0 738.4
304.6 738.4
303.9 738.4
304.0 738.4
304.0 738.4
305.0 738.4
304.0 738.4
304.3 738.4
304.0 738.4
304.0 738.4
304.0 738.4
304.0 738.4
303.9 738.4
303.9 738.4
303.9 738.4
303.9 738.4
303.9 738.4
303.9 738.4
303.9 738.4
303.9 738.4
303.9 738.4
303.9 738.4
303.9 738.4
303.9 738.4
303.9 738.4
303.9 738.4
303.9 738.4
303.9 738.4
303.9 738.4
303.9 738.4
303.9 738.4
304.6 738.4
303.9 738.4
303.9 738.4
303.9 738.4
303.9 738.4
303.9 738.4
304.0 738.4
304.0 738.4
304.0 738.4
304.0 738.4
303.9 738.4
303.9 738.4
303.9 738.4
303.9 738.4
303.9 738.4
303.9 738.4
303.9 738.4
303.9 738.4
303.9 738.4
303.9 738.4
303.9 738.4
303.9 738.4
303.9 738.4
303.9 738.4
303.9 738.4
303.9 738.4
303.9 738.4
303.9 738.4
303.9 738.4
303.9 738.4
303.8 738.4
303.9 738.4
303.9 738.4
303.7 738.4
304.2 738.4
303.7 738.4
304.8 738.4
303.9 738.4
303.9 738.4
303.7 738.4
303.9 738.4
303.9 738.4
303.9 738.4
304.2 738.4
304.4 738.4
303.9 738.4
304.0 738.4
303.9 738.4
303.9 738.4
303.9 738.4
303.9 738.4
304.4 738.4
303.9 738.4
304.2 738.4
304.4 738.4
304.1 738.4
303.7 738.4
303.6 738.4
303.6 738.4
303.6 738.4
303.9 738.4
303.7 738.4
303.7 738.4
303.7 738.4
303.8 738.4
303.7 738.4
303.7 738.4
303.7 738.4
303.7 738.4
303.7 738.4
303.7 738.4
303.7 738.4
303.7 738.4
304.2 738.4
303.7 738.4
303.8 738.4
303.7 738.4
303.7 738.4
303.7 738.4
303.7 738.4
303.7 738.4
304.2 738.4
304.3 738.4
304.1 738.4
303.7 738.4
303.7 738.4
303.7 738.4
303.7 738.4
303.8 738.4
303.7 738.4
303.7 738.4
303.7 738.4
303.7 738.4
303.7 738.4
303.6 738.4
303.7 738.4
303.9 738.4
303.7 738.4
303.7 738.4
303.7 738.4
303.7 738.4
303.8 738.4
303.7 738.4
303.7 738.4
303.7 738.4
303.8 738.4
303.7 738.4
303.7 738.4
303.6 738.4
303.7 738.4
303.7 738.4
303.7 738.4
304.3 738.4
303.7 738.4
304.2 738.4
303.7 738.4
303.7 738.4
303.6 738.4
303.9 738.4
303.9 738.4
303.9 738.4
305.1 738.4
303.9 738.4
303.7 738.4
303.7 738.4
303.7 738.4
303.7 738.4
304.2 738.4
304.2 738.4
303.6 738.4
303.6 738.4
303.7 738.4
301.4 738.9
300.0 738.9
299.8 739.2
299.7 739.2
300.2 739.2
299.7 739.2
299.7 739.2
299.7 739.2
299.8 739.2
299.7 739.2
299.7 739.2
299.7 739.2
299.7 739.2
299.8 739.2
300.2 739.2
299.7 739.2
299.8 739.2
299.7 739.2
299.7 739.2
299.7 739.2
299.7 739.2
300.3 739.2
299.7 739.2
299.8 739.2
299.7 739.2
299.7 739.2
299.7 739.2
299.7 739.2
299.7 739.2
299.7 739.2
299.7 739.2
299.7 739.2
299.7 739.2
299.7 739.2
298.1 739.2
298.1 739.2
298.2 739.2
298.0 739.2
298.1 739.2
298.1 739.2
298.2 739.2
298.0 739.2
298.1 739.2
298.1 739.2
298.1 739.2
298.1 739.2
298.1 739.2
298.1 739.2
298.1 739.2
298.2 739.2
298.2 739.2
298.2 739.2
298.1 739.2
298.1 739.2
298.1 739.2
298.1 739.2
298.6 739.2
298.6 739.2
298.2 739.2
298.0 739.2
298.1 739.2
298.1 739.2
298.6 739.2
298.1 739.2
298.0 739.2
298.0 739.2
298.6 739.2
298.8 739.2
298.0 739.2
298.0 739.2
298.7 739.2
298.1 739.2
298.0 739.2
298.5 739.2
298.1 739.2
298.0 739.2
298.0 739.2
298.2 739.2
298.1 739.2
298.0 739.2
298.0 739.2
298.0 739.2
298.0 739.2
298.0 739.2
298.0 739.2
298.0 739.2
298.0 739.2
298.0 739.2
298.2 739.2
298.1 739.2
298.0 739.2
298.0 739.2
298.0 739.2
298.1 739.2
298.0 739.2
298.1 739.2
298.0 739.2
298.1 739.2
298.0 739.2
298.1 739.2
298.0 739.2
298.0 739.2
298.1 739.2
298.0 739.2
298.1 739.2
298.0 739.2
298.0 739.2
298.2 739.2
298.1 739.2
298.0 739.2
298.0 739.2
295.6 739.6
223.5 739.9
238.2 740.2
238.2 740.2
238.1 740.2
238.2 740.2
238.1 740.2
238.1 740.2
238.1 740.2
238.1 740.2
238.6 740.2
238.2 740.2
238.9 740.2
238.1 740.2
238.2 740.2
238.2 740.2
238.6 740.2
239.8 740.2
238.2 740.2
239.5 740.2
238.2 740.2
238.6 740.2
238.1 740.2
238.2 740.2
238.2 740.2
238.1 740.2
238.0 740.2
238.1 740.2
238.2 740.2
238.9 740.2
238.9 740.2
238.1 740.2
238.2 740.2
238.1 740.2
238.1 740.2
238.1 740.2
238.1 740.2
238.1 740.2
238.3 740.2
238.3 740.2
239.5 740.2
238.0 740.2
238.1 740.2
238.2 740.2
238.2 740.2
238.1 740.2
238.0 740.2
238.1 740.2
238.1 740.2
238.1 740.2
238.0 740.2
238.1 740.2
238.1 740.2
238.0 740.2
238.1 740.2
238.2 740.2
238.2 740.2
238.1 740.2
238.1 740.2
238.1 740.2
238.2 740.2
238.1 740.2
238.2 740.2
238.1 740.2
238.2 740.2
238.2 740.2
238.2 740.2
239.7 740.2
239.7 740.2
239.8 740.2
239.7 740.2
239.7 740.2
239.7 740.2
239.7 740.2
240.2 740.2
239.7 740.2
239.7 740.2
239.7 740.2
239.7 740.2
239.7 740.2
239.7 740.2
240.3 740.2
239.7 740.2
239.7 740.2
239.7 740.2
239.7 740.2
239.7 740.2
239.7 740.2
239.7 740.2
238.3 740.2
238.3 740.2
238.2 740.2
238.3 740.2
238.3 740.2
238.2 740.2
238.2 740.2
238.2 740.2
238.2 740.2
238.2 740.2
238.2 740.2
238.1 740.2
238.2 740.2
238.3 740.2
239.7 740.2
239.7 740.2
238.2 740.2
238.2 740.2
238.1 740.2
238.3 740.2
238.2 740.2
238.1 740.2
238.2 740.2
238.1 740.2
238.1 740.2
238.2 740.2
240.2 740.2
239.7 740.2
239.6 740.2
239.7 740.2
239.6 740.2
240.2 740.2
239.7 740.2
239.6 740.2
239.6 740.2
239.7 740.2
238.2 740.2
238.2 740.2
240.2 740.2
239.7 740.2
239.7 740.2
239.7 740.2
239.7 740.2
239.7 740.2
239.7 740.2
239.7 740.2
239.7 740.2
239.7 740.2
239.7 740.2
239.7 740.2
239.7 740.2
240.3 740.2
239.4 740.2
240.2 740.2
239.7 740.2
239.7 740.2
239.7 740.2
239.7 740.2
239.7 740.2
239.7 740.2
239.6 740.2
239.7 740.2
239.5 740.2
239.6 740.2
235.7 740.2
231.9 740.2
227.3 740.2
224.2 740.2
221.8 740.2
217.6 740.2
214.4 740.2
210.8 740.2
206.7 740.2
202.9 740.2
199.9 740.2
196.3 740.2
192.7 740.2
188.5 740.2
184.8 740.2
181.2 740.2
177.7 740.2
174.9 740.2
170.7 740.2
166.2 740.2
164.0 740.2
160.1 740.2
156.2 740.2
153.0 740.2
150.7 740.2
146.4 740.2
143.4 740.2
139.7 740.2
136.3 740.2
133.5 740.2
129.6 740.2
126.4 740.2
122.8 740.2
119.3 740.2
117.3 740.2
113.8 740.2
109.1 740.2
105.9 740.2
103.3 740.2
239.0 740.2
240.0 740.2
240.0 740.2
240.0 740.2
240.0 740.2
241.0 740.2
241.0 740.2
241.0 740.2
240.2 740.2
241.0 740.2
241.0 740.2
239.8 740.2
239.9 740.2
241.0 740.2
241.0 740.2
241.0 740.2
240.5 740.2
240.9 740.2
240.1 740.2
241.0 740.2
241.0 740.2
239.9 740.2
241.0 740.2
241.0 740.2
241.0 740.2
241.0 740.2
239.8 740.2
241.0 740.2
241.0 740.2
241.0 740.2
241.0 740.2
240.7 740.2
241.0 740.2
241.0 740.2
240.6 740.2
240.0 740.2
240.0 740.2
241.0 740.2
241.0 740.2
241.0 740.2
240.2 740.2
241.0 740.2
240.0 740.2
241.0 740.2
241.0 740.2
241.0 740.2
241.0 740.2
241.0 740.2
241.0 740.2
241.0 740.2
241.0 740.2
239.6 740.2
239.6 740.2
241.0 740.2
241.1 740.2
241.0 740.2
241.1 740.2
240.3 740.2
239.4 740.2
239.4 740.2
239.4 740.2
239.4 740.2
239.4 740.2
239.4 740.2
239.4 740.2
239.4 740.2
239.4 740.2
241.0 740.2
241.1 740.2
241.0 740.2
241.0 740.2
241.0 740.2
241.0 740.2
240.0 740.2
240.0 740.2
240.0 740.2
240.0 740.2
240.2 740.2
241.0 740.2
241.0 740.2
240.5 740.2
241.0 740.2
241.0 740.2
239.8 740.2
239.9 740.2
239.9 740.2
239.8 740.2
239.9 740.2
239.8 740.2
239.9 740.2
239.8 740.2
239.9 740.2
239.8 740.2
239.9 740.2
239.8 740.2
239.8 740.2
239.8 740.2
239.9 740.2
239.8 740.2
239.8 740.2
239.2 740.2
240.4 740.2
239.8 740.2
240.2 740.2
239.8 740.2
239.2 740.2
239.2 740.2
239.2 740.2
240.0 740.2
239.7 740.2
239.2 740.2
240.7 740.2
239.8 740.2
240.3 740.2
239.9 740.2
240.3 740.2
240.7 740.2
224.1 740.2
215.3 740.2
207.8 740.2
200.0 740.2
192.2 740.2
184.3 740.2
176.5 740.2
168.9 740.2
159.9 740.2
151.9 740.2
144.3 740.2
136.5 740.2
129.1 740.2
121.2 740.2
113.8 740.2
105.9 740.2
97.7 740.2
91.0 740.2
83.2 740.2
75.3 740.2
68.3 740.2
61.0 740.2
53.8 740.2
46.7 740.2
40.8 740.2
32.9 740.2
25.2 740.2
16.1 740.2
7.9 740.2
5.6 740.2
7.0 740.2
5.8 740.2
5.2 739.7
5.9 739.3
5.7 738.3
6.0 737.1
6.1 735.1
5.6 731.6
6.2 729.1
5.5 725.6
5.1 722.6
5.5 716.8
6.8 709.1
5.7 699.6
6.1 695.3
5.1 688.3
6.2 681.3
5.9 672.7
5.6 663.6
5.5 657.6
5.1 651.4
