TIME MEM VIRT RES SHR CPU FREE SWAP
0:00.09 0.7 222616 3196 2876 43.8 93.9 816.0
0:00.92 0.9 223768 4348 2876 41.2 91.1 816.0
0:01.78 1.1 224920 5500 2876 52.9 90.4 816.0
0:02.59 1.3 225944 6524 2876 47.1 86.8 816.0
0:03.43 1.6 226968 7544 2876 42.1 84.7 816.0
0:04.25 1.8 228120 8700 2876 44.4 82.5 816.0
0:05.08 2.0 229272 9852 2876 44.4 80.4 816.0
0:05.90 2.2 230296 10876 2876 38.9 78.2 816.0
0:06.73 2.5 231448 12028 2876 50.0 76.0 816.0
0:07.56 2.7 232600 13176 2876 40.0 73.8 816.0
0:08.41 2.9 233624 14076 2876 47.4 71.7 816.0
0:09.23 3.2 234776 15356 2876 41.2 69.6 816.0
0:10.06 3.4 235800 16380 2876 41.2 67.6 816.0
0:10.89 3.6 236824 17400 2876 38.9 65.6 816.0
0:11.71 3.8 237848 18428 2876 47.1 63.7 816.0
0:12.53 4.0 238744 19324 2876 38.9 61.7 816.0
0:13.36 4.2 239896 20476 2876 41.2 59.6 816.0
0:14.18 4.4 240920 21500 2876 36.8 57.6 816.0
0:15.04 4.7 242072 22652 2876 42.1 55.3 816.0
0:15.89 4.9 243096 23676 2876 43.8 53.0 816.0
0:16.73 5.1 244248 24828 2876 42.1 50.9 816.0
0:17.54 5.3 245272 25848 2876 36.8 46.0 816.0
0:18.33 5.5 246296 26876 2876 37.5 46.6 816.0
0:19.18 5.8 247448 28028 2876 44.4 44.5 816.0
0:20.00 5.9 248344 28924 2876 41.2 42.7 816.0
0:20.82 6.2 249368 29948 2876 38.9 40.6 816.0
0:21.65 6.4 250520 31100 2876 47.1 38.4 816.0
0:22.48 6.6 251544 32124 2876 38.9 36.3 816.0
0:23.31 6.8 252696 33276 2876 38.9 34.1 816.0
0:24.17 7.1 253848 34428 2876 50.0 31.8 816.0
0:24.99 7.3 254872 35452 2876 50.0 29.8 816.0
0:25.83 7.5 256024 36604 2876 44.4 28.2 816.0
0:26.68 7.7 257048 37628 2876 43.8 25.4 816.0
0:27.52 7.9 258200 38652 2876 50.0 23.3 816.0
0:28.33 8.2 259224 39804 2876 41.2 21.2 816.0
0:29.17 8.4 260376 40956 2876 42.1 18.9 816.0
0:30.03 8.7 261528 42108 2876 44.4 18.4 816.0
0:30.86 8.9 262552 43132 2876 44.4 14.7 816.0
0:31.66 9.1 263704 44284 2876 41.2 12.6 816.0
0:32.49 9.3 264728 45308 2876 41.2 10.3 816.0
0:33.33 9.6 265880 46460 2876 47.1 8.1 816.0
0:34.14 9.8 266904 47484 2876 33.3 6.0 816.0
0:34.99 10.0 268056 48636 2876 52.9 4.9 816.0
0:35.81 10.2 269208 49784 2876 40.0 4.7 816.0
0:36.67 10.5 270232 50812 2876 44.4 4.5 815.7
0:37.52 10.7 271384 51964 2876 52.6 6.2 815.7
0:38.35 10.9 272536 52988 2876 43.8 7.3 815.7
0:39.20 11.1 273432 54008 2876 44.4 6.9 815.7
0:40.04 11.3 274456 55036 2876 50.0 9.4 815.7
0:40.87 11.5 275480 56060 2876 41.2 5.9 815.7
0:41.69 11.7 276632 57084 2876 38.9 5.9 815.7
0:42.51 12.0 277656 58232 2876 41.2 10.1 815.5
0:43.33 12.2 278680 59132 2876 41.2 7.4 815.5
0:44.16 12.4 279832 60412 2876 42.1 5.5 815.5
0:44.98 12.6 280856 61436 2876 38.9 8.8 815.5
0:45.80 12.9 282008 62588 2876 43.8 6.7 815.5
0:46.63 13.1 283032 63612 2876 38.9 8.4 815.2
0:47.45 13.3 284184 64764 2876 50.0 6.8 815.2
0:48.27 13.5 285208 65788 2876 50.0 6.8 815.2
0:49.08 13.7 286232 66812 2876 44.4 6.7 814.7
0:49.91 14.0 287384 67964 2876 38.9 7.9 814.5
0:50.78 14.2 288536 69024 2876 40.0 5.1 814.2
0:51.64 14.4 289688 69996 2876 47.4 6.6 814.2
0:52.43 14.6 290712 71020 2876 41.2 8.1 813.7
0:53.27 14.8 291736 71884 2876 44.4 5.9 813.7
0:54.07 15.0 292760 72912 2876 41.2 7.4 813.4
0:54.91 15.2 293784 73796 2876 44.4 5.5 813.4
0:55.73 15.4 294808 74692 2876 42.1 6.7 813.2
0:56.56 15.6 295832 75716 2876 50.0 8.1 812.7
0:57.39 15.8 296856 76600 2876 47.1 6.1 812.7
0:58.18 16.0 297880 77624 2876 44.4 7.2 812.7
0:58.99 16.2 298904 78648 2876 41.2 5.2 812.7
0:59.84 16.4 299928 79672 2876 47.1 5.9 812.7
1:00.66 16.6 300952 80696 2876 50.0 9.5 812.7
1:01.47 16.8 301976 81720 2876 44.4 7.5 812.7
1:02.30 17.0 303000 82740 2876 44.4 5.4 812.7
1:03.11 17.2 304024 83768 2876 41.2 8.4 812.4
1:03.95 17.4 305048 84792 2876 44.4 6.4 812.4
1:04.77 17.7 306072 85816 2876 41.2 9.3 812.4
1:05.58 17.9 307096 86840 2876 46.7 7.5 812.4
1:06.42 18.1 308120 87864 2876 37.5 5.6 812.4
1:07.23 18.3 309016 88760 2876 44.4 6.2 812.4
1:08.07 18.4 309912 89656 2876 44.4 4.7 812.4
1:08.88 18.7 310936 90680 2876 37.5 4.3 812.4
1:09.71 18.8 311832 91576 2876 42.1 8.5 812.2
1:10.53 19.0 312856 92452 2876 44.4 6.3 812.2
1:11.38 19.2 313880 93480 2876 44.4 9.0 811.9
1:12.22 19.5 315032 94632 2876 50.0 6.7 811.9
1:13.06 19.7 316056 95656 2876 42.1 9.0 811.9
1:13.91 19.9 317208 96808 2876 41.2 9.1 811.9
1:14.75 20.1 318232 97832 2876 38.9 6.9 811.9
1:15.60 20.4 319384 98984 2876 47.1 10.6 811.7
1:16.39 20.6 320408 100008 2876 41.2 6.2 811.7
1:17.21 20.8 321432 101032 2876 46.7 7.4 811.7
1:18.03 21.0 322456 102056 2876 41.2 5.1 811.4
1:18.84 21.2 323608 103096 2876 52.9 7.5 811.4
1:19.66 21.4 324632 104120 2876 47.4 5.3 811.4
1:20.48 21.6 325784 105144 2876 44.4 7.4 811.2
1:21.32 21.9 326808 106296 2876 47.1 5.1 811.2
1:22.15 22.1 327960 107448 2876 38.9 8.9 810.2
1:22.96 22.2 328984 107952 2876 41.2 8.3 810.2
1:23.81 22.4 330136 109104 2876 42.1 6.4 810.2
1:24.67 22.7 331288 110256 2876 50.0 8.8 809.9
1:25.50 22.9 332312 111280 2876 50.0 6.7 808.9
1:26.32 23.0 333464 112012 2876 44.4 6.4 808.9
1:27.17 23.2 334488 113036 2876 44.4 10.1 808.7
1:27.99 23.5 335512 114060 2876 43.8 8.5 808.7
1:28.84 23.7 336536 115084 2876 42.1 6.8 808.7
1:29.67 23.9 337688 116232 2872 38.1 7.3 808.4
1:30.51 24.1 338712 117256 2872 50.0 5.3 808.4
1:31.37 24.2 339736 117568 2740 47.4 9.6 807.2
1:32.20 24.4 340760 118592 2740 47.4 7.1 807.2
1:33.01 24.6 341784 119616 2740 44.4 15.2 806.2
1:33.87 24.8 342936 120768 2740 50.0 11.0 806.2
1:34.72 25.0 343960 121792 2740 50.0 9.0 806.2
1:35.55 25.2 344856 122688 2740 43.8 7.0 806.2
1:36.37 25.4 345880 123712 2740 50.0 5.1 805.2
1:37.14 25.5 346776 124068 2740 41.2 5.7 805.2
1:37.97 25.7 347800 125092 2740 41.2 6.4 803.2
1:38.76 25.8 348824 125316 2740 41.2 9.1 801.9
1:39.56 25.9 349848 125936 2740 36.8 6.7 801.9
1:40.38 26.1 350872 126956 2740 38.9 6.1 800.4
1:41.22 26.3 352024 127804 2720 47.1 7.8 800.2
1:42.03 26.5 353048 128828 2720 47.1 5.4 800.2
1:42.86 26.6 354072 129472 2716 35.3 5.7 799.1
1:43.67 26.7 355224 129896 2716 37.5 6.9 797.4
1:44.52 26.9 356248 130920 2716 44.4 4.9 796.4
1:45.34 27.1 357144 131816 2716 50.0 5.9 796.4
1:46.15 27.3 358040 132712 2716 41.2 9.5 793.4
1:46.98 27.3 359064 132508 2716 44.4 7.5 793.4
1:47.84 27.5 360088 133532 2716 56.2 5.2 793.4
1:48.67 27.6 361240 134124 2708 50.0 8.2 791.1
1:49.52 27.8 362264 135148 2708 46.7 9.5 788.1
1:50.34 27.8 363416 135196 2708 43.8 9.1 783.6
1:51.16 27.7 364440 134908 2708 42.1 9.0 780.8
1:52.00 27.8 365464 135036 2708 50.0 7.9 780.8
1:52.82 28.0 366488 136060 2708 47.4 8.8 778.6
1:53.69 28.2 367640 137212 2708 38.1 6.5 778.6
1:54.54 28.4 368664 138236 2708 42.1 8.4 776.3
1:55.37 28.5 369688 138356 2708 41.2 6.4 776.3
1:56.22 28.7 370712 139380 2708 42.1 8.0 773.3
1:57.06 28.6 371608 139176 2708 47.1 6.0 773.3
1:57.91 28.8 372632 140200 2708 42.1 7.8 770.8
1:58.76 28.9 373656 140512 2708 50.0 9.3 767.5
1:59.60 28.9 374680 140560 2708 40.0 7.2 767.5
2:00.44 29.1 375704 141584 2708 47.1 5.3 767.5
2:01.26 29.3 376600 142472 2700 38.9 7.7 761.5
2:02.22 29.4 377752 143088 2688 44.4 7.7 758.2
2:03.07 29.4 378648 142804 2688 52.9 5.6 758.2
2:03.89 29.6 379544 143672 2688 41.2 8.7 754.7
2:04.72 29.5 380440 143304 2688 50.0 7.0 754.7
2:05.54 29.7 381464 144332 2688 36.8 9.9 751.0
2:06.34 29.6 382360 143888 2688 37.5 9.0 751.0
2:07.15 29.8 383384 144912 2688 41.2 7.5 751.0
2:07.99 30.0 384280 145808 2688 50.0 6.0 746.0
2:08.81 29.6 385176 144012 2688 42.1 7.8 743.0
2:09.65 29.8 386200 144708 2688 47.4 8.3 740.2
2:10.63 30.0 387352 145860 2688 38.9 5.1 737.5
2:11.49 30.0 388376 145912 2688 40.0 5.8 737.5
2:12.34 30.0 389400 145952 2688 47.1 8.5 735.2
2:13.16 30.2 390424 146960 2688 47.1 4.9 732.7
2:14.01 30.2 391448 146988 2688 47.1 8.1 730.0
2:14.84 30.3 392472 147228 2688 45.0 6.3 730.0
2:15.67 30.4 393368 147996 2688 41.2 8.5 727.7
2:16.49 30.6 394392 148688 2688 42.1 5.8 727.7
2:17.33 30.8 395288 149584 2688 44.4 8.4 721.7
2:18.12 30.6 396184 148552 2688 41.2 5.1 716.2
2:18.96 30.3 397208 147552 2688 45.0 6.0 716.2
2:19.78 30.6 398232 148576 2688 38.9 7.2 715.7
2:20.60 30.7 399128 149332 2688 47.1 5.4 714.7
2:21.42 30.9 400024 150228 2688 38.9 5.9 714.7
2:22.23 31.1 400920 151124 2688 42.1 6.3 713.7
2:23.05 31.3 401816 152020 2688 38.9 6.5 712.7
2:23.87 31.5 402712 152916 2688 41.2 7.0 711.2
2:24.68 31.6 403736 153548 2688 44.4 8.1 709.0
2:25.52 31.6 404760 153760 2688 50.0 6.3 709.0
2:26.32 31.7 405784 154052 2628 31.6 9.0 701.7
2:27.22 31.7 406808 154228 2628 36.8 6.0 701.7
2:28.03 31.9 407704 154996 2628 44.4 7.6 698.7
2:28.86 31.9 408728 155332 2628 47.1 8.9 695.7
2:29.69 31.9 409624 155020 2628 38.9 6.3 695.7
2:30.54 32.1 410648 156044 2628 50.0 8.2 693.0
2:31.35 32.1 411544 155996 2628 44.4 6.4 693.0
2:32.16 32.3 412440 156892 2628 50.0 8.1 692.0
2:32.98 32.4 413208 157652 2620 44.4 8.4 688.5
2:33.81 32.3 414232 157084 2620 43.8 9.0 686.0
2:34.67 32.4 415256 157364 2620 56.2 5.1 683.7
2:35.51 32.2 416152 156724 2620 47.1 6.2 682.2
2:36.36 32.2 417176 156760 2620 38.9 6.0 679.7
2:37.20 32.5 418200 157776 2612 40.0 5.5 677.7
2:38.09 32.6 419224 158272 2612 52.9 6.4 677.0
2:38.90 32.7 420120 159168 2612 41.2 7.7 676.0
2:39.72 32.8 421144 159708 2612 38.9 8.7 674.0
2:40.53 33.0 422296 160264 2612 47.1 6.9 673.0
2:41.34 33.1 423320 160756 2612 38.9 5.2 672.5
2:42.17 33.1 424344 160800 2612 44.4 4.9 670.7
2:42.99 33.3 425368 161824 2612 36.8 6.6 668.0
2:43.84 33.3 426392 161736 2612 44.4 4.9 667.7
2:44.70 33.5 427416 162668 2612 42.1 5.8 661.7
2:45.62 33.2 428440 161632 2604 44.4 4.7 659.2
2:46.44 33.3 429336 161772 2604 42.1 5.3 659.0
2:47.29 33.4 430232 162540 2604 40.0 5.1 658.7
2:48.11 33.6 431256 163436 2604 42.1 5.6 655.7
2:48.92 33.5 432152 163040 2604 38.9 4.6 653.5
2:49.73 33.5 433176 163032 2604 50.0 5.6 653.2
2:50.57 33.7 434200 163720 2604 44.4 4.7 652.7
2:51.36 33.8 435224 164252 2604 35.3 4.9 650.2
2:52.16 33.8 436248 164332 2604 42.1 7.8 644.2
2:53.05 33.5 437272 162900 2604 31.6 5.2 642.5
2:53.87 33.3 438296 161808 2604 44.4 7.0 639.5
2:54.70 33.5 439192 162704 2604 50.0 5.0 636.7
2:55.48 33.4 440088 162452 2604 44.4 7.4 636.7
2:56.30 33.6 440984 163344 2604 44.4 5.6 636.7
2:57.11 33.7 442008 164012 2604 43.8 4.9 636.0
2:57.93 33.9 443032 165036 2604 44.4 6.7 633.7
2:58.73 34.0 443928 165144 2604 38.9 5.4 633.0
2:59.53 34.0 444696 165492 2604 41.2 4.8 632.5
3:00.34 34.2 445592 166088 2604 38.9 4.8 629.5
3:01.32 34.1 446744 165632 2584 46.7 7.7 624.0
3:02.18 34.0 447768 165152 2584 44.4 7.4 624.0
3:03.01 34.2 448792 166176 2584 50.0 9.5 620.7
3:03.84 34.1 449816 165640 2584 44.4 6.0 620.7
3:04.64 34.1 450712 165956 2584 35.3 5.0 619.2
3:05.45 34.1 451736 165772 2584 33.3 6.4 615.7
3:06.27 34.2 452760 166096 2584 44.4 8.0 612.2
3:07.08 34.1 453784 165560 2584 36.8 7.1 612.2
3:07.90 34.2 454680 166456 2584 44.4 6.3 610.2
3:08.73 34.0 455704 165316 2584 42.1 7.4 608.0
3:09.56 34.2 456728 166340 2584 47.1 7.6 606.5
3:10.46 34.3 457752 166608 2584 53.3 6.4 604.5
3:11.30 34.3 458776 166900 2584 41.2 5.1 604.0
3:12.14 34.4 459800 167456 2584 44.4 4.9 601.0
3:12.95 34.4 460952 167156 2584 41.2 6.7 598.0
3:13.81 34.0 461976 165368 2584 40.0 5.9 594.7
3:14.67 34.2 463000 166264 2584 47.4 8.7 590.7
3:15.50 34.0 464024 165380 2584 44.4 6.5 590.7
3:16.33 34.2 465048 166272 2584 38.9 7.1 584.2
3:17.16 33.6 466072 163404 2584 44.4 6.6 582.5
3:18.01 33.8 467224 164556 2584 44.4 9.2 580.7
3:18.84 33.9 468248 164780 2584 53.3 4.9 579.0
3:19.57 33.7 469272 164044 2576 23.5 6.1 575.7
3:20.42 33.8 470296 164352 2576 42.1 8.8 573.0
3:21.25 33.8 471448 164144 2576 38.9 5.2 573.0
3:22.06 33.9 472472 164908 2576 41.2 6.0 570.2
3:22.89 33.9 473624 164988 2576 43.8 7.5 567.5
3:23.71 33.9 474648 164728 2576 44.4 7.0 566.0
3:24.52 33.9 475672 164932 2576 38.9 5.5 566.0
3:25.35 34.2 476824 166060 2576 41.2 5.3 564.2
3:26.18 34.2 477848 166216 2576 47.1 5.4 564.2
3:26.99 34.2 478872 166276 2576 36.8 5.3 562.2
3:27.81 34.2 479768 166484 2576 38.9 5.6 561.0
3:28.61 34.3 480792 166772 2576 27.8 5.7 551.2
3:29.49 33.7 481944 164008 2576 46.7 6.3 551.2
3:30.33 34.0 483096 165160 2576 50.0 5.2 550.7
3:31.18 34.1 484248 165716 2576 41.2 5.7 548.4
3:31.98 34.1 485272 165976 2576 43.8 6.2 547.9
3:32.79 34.3 486296 166720 2576 38.9 5.6 547.4
3:33.61 34.4 487448 167012 2576 36.8 5.4 545.7
3:34.42 34.4 488472 167376 2576 35.0 9.1 542.1
3:35.27 34.3 489624 166936 2576 47.1 11.1 539.1
3:36.10 34.3 490648 166724 2572 44.4 7.9 535.1
3:36.93 33.9 491800 164904 2572 30.0 5.7 531.4
3:37.74 33.9 492824 165008 2572 38.9 6.1 531.4
3:38.56 34.0 493976 165324 2572 41.2 6.7 528.8
3:39.38 34.1 495000 165880 2572 44.4 5.8 527.6
3:40.20 34.1 496152 165756 2572 41.2 6.1 526.3
3:41.02 34.2 497176 166392 2568 42.9 7.8 525.3
3:41.84 34.5 498328 167544 2568 38.9 5.3 523.3
3:42.65 34.1 499352 165904 2568 43.5 8.0 519.8
3:43.48 34.4 500504 167056 2568 50.0 7.7 517.0
3:44.33 34.3 501528 166544 2568 52.9 7.3 517.0
3:45.15 34.3 502680 166680 2568 42.1 8.1 511.0
3:46.00 34.1 503704 165804 2568 47.4 7.9 510.8
3:46.83 34.3 504728 166720 2568 50.0 7.9 508.3
3:47.66 34.3 505752 166580 2568 36.8 6.6 504.5
3:48.49 34.1 506776 165648 2568 43.8 7.8 504.5
3:49.34 34.3 507928 166800 2568 47.4 5.0 501.2
3:50.16 34.2 508952 166224 2568 47.1 7.4 501.2
3:51.00 34.4 510104 167244 2568 42.1 5.2 499.7
3:51.87 34.4 511256 167272 2560 52.9 7.7 496.7
3:52.75 34.5 512408 167632 2560 47.4 7.7 494.7
3:53.59 34.5 513560 167764 2560 43.8 6.0 494.7
3:54.44 34.7 514584 168788 2560 44.4 8.1 491.7
3:55.27 34.6 515608 168384 2560 47.4 8.6 488.2
3:56.09 34.5 516632 167684 2560 42.1 6.4 487.2
3:56.88 34.6 517528 168008 2560 44.4 7.4 483.2
3:57.77 34.4 518552 167184 2552 52.9 6.6 483.2
3:58.61 34.6 519448 168080 2552 42.1 10.0 480.5
3:59.44 34.5 520472 167708 2552 41.2 6.5 480.5
4:00.27 34.7 521240 168472 2552 38.9 8.8 476.7
4:01.14 34.5 522264 167752 2544 43.8 5.2 475.2
4:01.95 34.5 523288 167980 2544 38.9 8.8 471.7
4:02.81 34.4 524184 167092 2544 52.9 10.5 469.2
4:03.61 34.3 525208 166948 2544 41.2 7.1 469.2
4:04.48 34.5 526104 167844 2544 44.4 6.8 469.0
4:05.37 34.5 527256 167684 2544 37.5 7.0 466.2
4:06.22 34.7 528152 168580 2544 44.4 5.0 463.7
4:07.07 34.6 529176 168332 2544 44.4 6.8 463.7
4:07.91 34.6 530200 168180 2544 47.1 4.9 458.5
4:08.76 34.5 531224 167752 2544 50.0 6.8 458.5
4:09.59 34.7 532248 168776 2544 36.8 8.2 456.5
4:10.43 34.7 533144 168628 2544 46.7 6.3 456.5
4:11.26 34.9 534168 169652 2544 43.8 8.3 454.0
4:12.06 34.8 535064 169332 2544 38.9 5.0 451.2
4:12.88 34.7 535960 168732 2544 44.4 6.0 451.2
4:13.70 34.9 536984 169756 2544 42.1 8.0 443.5
4:14.55 34.3 537880 166872 2544 56.2 5.5 443.5
4:15.38 34.5 538904 167896 2544 38.9 9.6 439.7
4:16.24 34.3 539928 166940 2544 42.1 6.8 439.7
4:17.10 34.5 540952 167960 2544 50.0 6.8 436.2
4:18.19 34.4 542232 167492 2544 50.0 9.9 433.5
4:19.04 34.4 543256 167280 2540 44.4 6.9 433.5
4:19.87 34.3 544152 166596 2540 36.8 8.3 430.5
4:20.71 34.5 545176 167616 2540 47.4 5.8 430.5
4:21.54 34.4 546200 167180 2540 40.9 6.7 427.7
4:22.34 34.6 547096 168076 2540 44.4 9.9 425.5
4:23.15 34.5 547992 167816 2540 52.9 7.4 425.5
4:23.97 34.7 548888 168716 2540 44.4 8.7 421.7
4:24.78 34.5 549912 167864 2540 44.4 6.0 421.7
4:25.59 34.5 550808 167880 2540 38.9 6.7 420.0
4:26.39 34.5 551832 167540 2540 38.9 9.0 415.2
4:27.23 34.5 552856 167572 2540 44.4 8.0 412.5
4:28.08 34.4 553752 167092 2540 50.0 6.0 412.5
4:28.91 34.4 554776 167240 2540 41.2 5.4 410.7
4:29.77 34.4 555800 167132 2540 45.0 7.0 408.5
4:30.60 34.6 556824 168156 2540 47.1 8.9 406.5
4:31.42 34.6 557848 168164 2540 38.9 6.5 406.5
4:32.23 34.8 558744 169064 2540 37.5 12.5 404.0
4:33.14 34.8 559896 169064 2536 42.1 6.0 404.0
4:34.00 35.0 560920 170088 2536 52.9 9.6 395.7
4:34.81 34.3 561688 166628 2536 47.1 7.7 395.7
4:35.62 34.5 562712 167652 2536 38.9 9.7 392.7
4:36.46 34.4 563736 167092 2536 41.2 6.2 392.7
4:37.29 34.6 564632 167988 2536 47.1 7.7 390.2
4:38.14 34.5 565656 167832 2536 47.4 5.9 390.2
4:39.01 34.7 566680 168852 2532 47.1 7.3 390.2
4:39.85 34.9 567704 169872 2532 44.4 8.3 388.0
4:40.70 34.9 568600 169576 2532 50.0 8.1 388.0
4:41.52 34.9 569624 169612 2532 47.1 7.6 386.0
4:42.33 35.1 570648 170636 2532 38.9 10.1 383.5
4:43.14 35.0 571544 170156 2532 38.9 8.2 383.5
4:43.98 34.9 572568 169548 2532 40.0 7.5 380.2
4:44.78 34.9 573592 169500 2532 33.3 5.6 373.7
4:45.72 34.3 574616 166924 2532 38.9 7.0 371.0
4:46.56 34.5 575640 167820 2532 45.0 5.1 369.0
4:47.39 34.5 576664 167932 2532 45.0 8.8 366.5
4:48.22 34.4 577560 167484 2532 33.3 7.0 366.5
4:49.07 34.7 578712 168640 2532 40.0 7.8 365.0
4:49.89 34.7 579608 168824 2532 38.9 5.8 365.0
4:50.72 34.8 580632 169060 2532 35.3 6.8 363.5
4:51.55 35.0 581528 169956 2532 36.8 6.6 362.5
4:52.36 35.0 582424 170288 2532 44.4 8.0 355.2
4:53.19 34.5 583448 167640 2532 36.8 7.7 354.0
4:54.02 34.6 584472 168040 2532 38.9 8.5 351.7
4:54.84 34.5 585496 167908 2532 43.8 6.4 350.0
4:55.65 34.6 586648 168204 2532 41.2 7.8 349.2
4:56.49 34.7 587672 168808 2532 40.0 8.2 349.2
4:57.33 35.0 588824 169956 2532 50.0 6.0 349.2
4:58.16 35.1 589976 170444 2532 40.0 7.5 348.0
4:58.99 34.8 591000 169064 2532 50.0 6.8 340.5
4:59.82 34.5 592152 167736 2532 36.4 5.5 338.2
5:00.66 34.6 593176 168092 2532 40.0 4.9 337.0
5:01.50 34.5 594328 167840 2532 47.1 6.6 334.2
5:02.30 34.4 595224 167280 2336 47.1 5.8 329.2
5:03.09 34.3 596248 166532 2308 44.4 7.3 327.7
5:03.89 34.3 597272 166708 2308 44.4 6.6 326.7
5:04.71 34.4 598296 167164 2308 38.9 7.3 324.2
5:05.52 34.3 599320 166984 2308 42.1 6.3 324.0
5:06.34 34.4 600344 167168 2308 41.2 6.3 322.7
5:07.16 34.4 601368 167108 2308 38.9 6.2 318.7
5:07.98 34.4 602392 167248 2308 38.9 5.3 317.7
5:08.85 34.1 603544 165904 2328 35.0 6.7 313.7
5:09.70 34.3 604568 166928 2328 50.0 7.2 312.0
5:10.53 34.3 605592 167004 2328 44.4 5.2 312.0
5:11.35 34.6 606616 168028 2328 35.0 5.0 311.5
5:12.17 34.5 607640 167636 2328 35.0 5.1 309.2
5:12.99 34.5 608664 167552 2328 38.9 5.7 307.0
5:13.79 34.3 609688 166852 2328 29.4 7.9 303.7
5:14.62 34.5 610712 167876 2328 36.8 5.7 303.7
5:15.43 34.8 611864 169028 2328 42.1 5.3 302.0
5:16.25 34.5 612888 167868 2328 36.8 6.1 299.4
5:17.07 34.5 614044 167848 2328 36.8 6.2 297.4
5:17.89 34.8 615064 169000 2328 44.4 5.7 296.2
5:18.73 34.8 616088 169376 2328 41.2 6.0 294.4
5:19.56 34.9 617112 169468 2328 41.2 7.2 290.9
5:20.40 34.7 618008 168704 2328 38.9 8.4 288.7
5:21.22 34.7 619160 168660 2328 41.2 6.0 288.7
5:22.04 34.9 620184 169684 2328 44.4 6.5 286.6
5:22.86 34.7 621336 168684 2328 35.0 5.4 284.4
5:23.71 34.8 622360 169064 2328 50.0 9.2 279.4
5:24.54 34.6 623512 168228 2328 42.1 5.9 279.4
5:25.39 34.5 624664 167920 2328 45.0 9.2 276.6
5:26.20 34.7 625688 168944 2328 38.9 7.1 276.6
5:27.03 34.6 626712 168376 2328 42.1 9.1 273.3
5:27.86 34.9 627864 169528 2328 44.4 6.8 273.3
5:28.65 35.0 628888 169928 2328 41.2 10.1 268.8
5:29.49 34.8 630040 169428 2328 50.0 7.8 268.8
5:30.31 34.7 631064 168656 2324 40.0 6.6 265.3
5:31.14 34.9 632216 169812 2324 47.1 7.1 263.3
5:31.98 34.6 633368 168232 2324 28.6 5.2 260.0
5:32.81 34.6 634392 168060 2324 43.8 7.2 257.8
5:33.62 34.5 635416 167804 2324 33.3 7.7 255.3
5:34.45 34.5 636568 167652 2324 36.8 6.8 252.8
5:35.29 34.7 637592 168676 2324 45.0 7.8 249.8
5:36.12 34.6 638744 168276 2324 45.0 5.8 249.8
5:36.93 34.6 639768 168040 2324 35.3 8.1 247.2
5:37.75 34.8 640920 169188 2324 41.2 6.0 247.2
5:38.55 34.7 641944 168940 2324 35.3 7.6 244.7
5:39.37 35.0 642968 169964 2324 38.9 5.6 244.7
5:40.17 35.1 644120 170468 2320 28.6 6.1 238.2
5:41.03 34.8 645144 168956 2320 50.0 7.5 237.2
5:41.88 34.9 646296 169704 2320 47.4 6.8 235.0
5:42.74 34.9 647448 169596 2320 47.4 6.9 232.2
5:43.57 34.8 648600 169412 2320 38.9 7.5 230.0
5:44.39 34.8 649624 169196 2320 41.2 4.9 228.0
5:45.23 34.8 650776 169328 2320 42.1 5.4 228.0
5:46.06 34.7 651928 168484 2320 36.8 5.1 224.0
5:46.91 34.8 652952 169348 2320 41.2 5.2 219.7
5:47.72 34.6 653848 168148 2320 37.5 6.2 219.7
5:48.57 34.8 654872 169172 2320 47.4 5.8 214.7
5:49.43 34.5 656024 167788 2320 50.0 7.7 211.7
5:50.26 34.4 657176 167472 2320 44.4 6.8 211.7
5:51.09 34.7 658200 168496 2320 52.9 10.0 206.7
5:51.91 34.3 659224 166952 2320 50.0 7.4 206.7
5:52.74 34.6 660376 168108 2320 44.4 8.6 202.5
5:53.58 34.4 661528 167012 2320 42.1 7.1 202.5
5:54.44 34.6 662680 168164 2320 44.4 9.0 199.0
5:55.27 34.4 663704 167348 2320 41.2 6.9 199.0
5:56.09 34.7 664856 168624 2320 41.2 8.9 195.7
5:56.91 34.5 665880 167932 2320 50.0 7.0 195.7
5:57.72 34.8 666904 168956 2320 44.4 5.1 195.5
5:58.53 34.7 668056 168616 2320 31.6 6.2 192.7
5:59.41 34.9 669208 169768 2320 42.1 5.8 191.0
6:00.21 35.0 670232 169944 2320 41.2 4.8 190.5
6:01.05 35.0 671256 170128 2312 50.0 6.6 177.2
6:02.07 34.0 672664 165492 2312 44.4 6.0 177.2
6:02.92 34.2 673688 166516 2312 52.9 8.9 173.7
6:03.77 34.1 674840 165884 2312 38.1 6.5 173.7
6:04.63 34.3 675864 166908 2312 52.9 6.6 173.5
6:05.44 34.2 677016 166404 2312 44.4 8.2 170.5
6:06.30 34.4 678040 167300 2312 44.4 5.4 170.5
6:07.14 34.4 679064 167140 2312 44.4 6.7 168.0
6:07.99 34.6 680216 168292 2312 52.9 7.7 166.2
6:08.80 34.6 681240 168448 2312 42.1 7.2 164.0
6:09.62 34.6 682264 168240 2312 44.4 5.1 163.2
6:10.46 34.7 683288 168948 2312 47.1 5.4 163.2
6:11.31 34.6 684440 168448 2312 42.1 5.6 160.0
6:12.16 34.7 685464 168540 2312 47.1 7.4 158.2
6:12.98 34.9 686488 169564 2312 47.1 9.2 155.0
6:13.82 34.8 687512 168960 2312 42.1 6.1 152.2
6:14.63 34.7 688536 168592 2312 58.8 8.0 152.2
6:15.45 34.9 689560 169616 2312 38.9 5.5 148.0
6:16.30 34.6 690456 168260 2312 46.7 5.9 148.0
6:17.13 34.8 691480 169284 2312 41.2 9.0 144.0
6:17.95 34.6 692632 168396 2312 42.1 6.6 144.0
6:18.79 34.8 693656 169420 2312 42.1 8.3 139.5
6:19.64 34.3 694808 166996 2312 45.0 7.7 137.0
6:20.48 34.6 695960 168148 2312 42.1 6.8 135.2
6:21.32 34.6 696984 168316 2312 47.1 8.6 132.5
6:22.15 34.6 698136 168084 2312 50.0 6.9 132.5
6:22.97 34.4 699160 167456 2312 41.2 8.0 129.2
6:23.78 34.7 700184 168480 2312 47.1 5.5 126.7
6:24.59 34.6 701080 168020 2312 47.1 7.7 126.7
6:25.41 34.7 701976 168916 2312 38.9 8.7 123.7
6:26.41 34.7 703000 168500 2312 38.9 6.3 123.7
6:27.22 34.5 703896 167684 2312 38.9 8.5 120.5
6:28.01 34.7 704792 168580 2312 33.3 6.8 120.5
6:28.83 34.7 705816 168676 2312 42.9 6.7 118.7
6:29.65 34.5 706712 167696 2312 38.9 7.0 115.2
6:30.47 34.7 707608 168720 2312 50.0 5.2 115.2
6:31.25 34.7 708504 168804 2312 44.4 6.2 113.7
6:32.03 34.6 709144 168168 2312 35.0 5.8 111.2
6:32.89 34.6 709912 168004 2312 45.0 6.8 109.5
6:33.68 34.7 710680 168776 2312 50.0 8.2 107.5
6:34.48 34.7 711448 168548 2312 47.1 7.9 105.0
6:35.22 34.6 712216 168100 2312 33.3 6.7 105.0
6:36.03 34.4 712856 167488 2312 34.8 7.5 103.0
6:36.82 34.6 713368 168132 2312 52.9 6.2 103.0
6:37.61 34.6 714136 168224 2312 38.9 5.7 99.2
6:38.42 34.5 715032 167884 2312 40.0 7.4 99.2
6:39.23 34.7 715800 168652 2312 50.0 5.8 99.2
6:40.01 34.5 716568 167560 2312 50.0 7.7 95.5
6:40.81 34.6 717336 168328 2312 41.2 7.2 94.0
6:41.61 34.6 718104 168240 2312 50.0 5.8 94.0
6:42.38 34.4 718744 167292 2312 47.4 9.3 90.7
6:43.18 34.6 719512 168060 2312 44.4 7.9 90.7
6:43.99 34.7 720280 168828 2312 50.0 6.4 90.7
6:44.77 34.9 721048 169468 2312 42.1 8.5 88.0
6:45.57 34.8 721944 168996 2312 42.1 7.2 88.0
6:46.37 34.9 722712 169764 2312 42.1 5.4 88.2
6:47.17 34.8 723480 169180 2312 50.0 6.2 85.5
6:47.98 35.0 724376 170076 2312 47.1 8.7 82.0
6:48.79 34.7 725144 168876 2312 44.4 6.5 82.0
6:49.58 34.9 726040 169900 2312 42.1 8.0 79.2
6:50.38 34.6 726808 168260 2312 50.0 5.5 72.7
6:51.20 34.3 727704 166856 2312 50.0 5.7 72.7
6:51.97 34.3 728472 166544 2312 50.0 6.9 70.7
6:52.76 34.4 729240 167184 2312 41.2 7.7 68.7
6:53.58 34.4 730008 167120 2312 50.0 5.8 68.7
6:54.37 34.3 730776 166532 2312 45.0 7.9 66.2
6:55.16 34.4 731672 167428 2312 44.4 6.2 66.2
6:55.94 34.2 732440 166464 2312 50.0 8.7 62.7
6:56.74 34.4 733336 167236 2312 47.1 7.1 62.7
6:57.52 34.6 734104 168132 2312 44.4 5.5 60.7
6:58.33 34.6 735000 168024 2312 52.9 7.7 60.7
6:59.13 34.7 735768 168792 2312 44.4 6.0 60.7
6:59.94 34.8 736664 169000 2312 47.1 5.9 59.5
7:00.73 34.6 737432 168272 2312 47.1 7.0 56.7
7:01.54 34.8 738328 169296 2312 50.0 5.3 56.7
7:02.33 34.7 739224 168752 2312 38.9 6.4 54.0
7:03.14 34.9 740120 169648 2312 42.1 7.8 49.2
7:03.95 34.6 741016 168128 2312 42.1 6.0 49.2
7:04.74 34.4 741784 167160 2312 47.4 6.5 46.0
7:05.57 34.6 742680 168056 2312 45.0 7.6 44.0
7:06.37 34.5 743576 167800 2312 44.4 6.1 44.0
7:07.16 34.4 744472 167340 2312 47.1 7.0 41.0
7:07.98 34.4 745368 167096 2312 42.1 7.7 38.7
7:08.78 34.6 746264 167992 2312 42.1 5.9 38.7
7:09.58 34.4 747032 167168 2312 42.1 8.8 35.7
7:10.40 34.6 747928 168060 2312 50.0 7.1 35.7
7:11.20 34.5 748696 167952 2312 47.4 7.1 33.9
7:12.00 34.6 749592 168288 2312 47.4 7.2 33.0
7:12.81 34.8 750488 169184 2312 50.0 8.1 31.4
7:13.61 34.7 751384 168512 2312 45.0 8.2 29.6
7:14.43 34.8 752280 169408 2312 44.4 6.4 29.6
7:15.22 34.7 753176 168584 2312 42.1 7.8 26.4
7:16.03 34.8 753944 169352 2312 50.0 6.1 26.4
7:16.82 34.6 754840 168292 2312 40.9 5.4 20.1
7:17.86 34.4 756120 167160 2312 44.4 8.7 17.9
7:18.65 34.6 757016 168056 2312 36.8 7.0 17.9
7:19.45 34.5 757912 167596 2312 40.0 8.2 15.6
7:20.24 34.7 758808 168624 2312 42.1 6.5 15.6
7:21.05 34.5 759704 167560 2312 46.7 6.8 11.6
7:21.85 34.5 760472 167496 2312 33.3 7.2 10.1
7:22.66 34.6 761368 168392 2312 38.9 5.5 10.1
7:23.46 34.6 762264 168316 2312 42.1 6.3 8.1
7:24.27 34.6 763160 168368 2312 50.0 6.5 6.6
7:25.08 34.8 764056 169136 2312 47.4 6.7 5.0
7:25.90 34.8 764824 169168 2312 52.9 5.2 5.0
7:26.68 34.9 765720 169760 2312 38.9 6.4 2.5
7:27.48 34.9 766744 169824 2312 40.0 7.9 0.0
7:28.35 34.9 767896 169680 2312 47.1 5.2 0.0
7:29.79 35.0 769688 170360 1200 35.6 6.9 0.0
150.5 365.2
147.7 365.2
146.1 365.2
144.4 365.2
142.8 365.2
141.2 365.2
139.5 365.2
138.0 365.2
136.3 365.2
134.6 365.2
133.0 365.2
131.4 365.2
128.3 365.2
126.6 365.2
124.8 365.2
123.0 365.2
121.5 365.2
119.9 365.2
118.3 365.2
116.7 365.2
115.0 365.2
113.4 365.2
112.0 365.2
110.8 365.2
110.4 365.2
107.8 365.2
106.3 365.2
105.1 365.2
103.8 365.2
102.7 365.2
101.5 365.2
100.1 365.2
99.1 365.2
97.8 365.2
96.6 365.2
95.4 365.2
94.4 365.2
93.2 365.2
91.9 365.2
90.6 365.2
89.5 365.2
89.8 365.2
86.9 365.2
85.8 365.2
84.5 365.2
83.3 365.2
82.3 365.2
81.1 365.2
79.8 365.2
78.1 365.2
76.5 365.2
75.2 365.2
73.9 365.2
72.6 365.2
69.7 365.2
68.4 365.2
67.1 365.2
65.7 365.2
64.3 365.2
63.1 365.2
61.9 365.2
60.6 365.2
59.3 365.2
57.9 365.2
56.2 365.2
54.7 365.2
53.1 365.2
50.1 365.2
50.2 365.2
47.3 365.2
45.9 365.2
44.5 365.2
43.1 365.2
41.6 365.2
40.2 365.2
38.8 365.2
37.5 365.2
36.0 365.2
34.7 365.2
33.3 365.2
32.1 365.2
30.8 365.2
29.5 365.2
28.2 365.2
26.9 365.2
26.6 365.2
24.7 365.2
23.1 365.2
21.8 365.2
20.3 365.2
19.0 365.2
18.0 365.2
17.1 365.2
14.8 365.2
13.3 365.2
12.0 365.2
10.4 365.2
9.1 365.2
8.0 365.2
5.0 365.0
5.7 364.8
4.4 364.8
5.0 364.3
5.2 363.3
5.2 362.5
5.7 362.5
7.6 362.1
6.1 362.1
5.3 361.8
5.4 360.4
5.0 356.1
5.8 352.9
5.0 351.8
4.8 349.8
6.0 346.5
6.6 344.3
5.3 343.8
5.4 342.0
4.6 340.4
5.2 339.7
5.8 338.5
5.8 336.9
5.3 335.0
5.5 332.7
6.3 331.1
6.7 330.9
5.2 327.9
7.2 327.9
5.6 327.8
5.0 327.0
4.9 325.5
4.9 324.0
6.2 319.3
8.9 314.6
7.3 314.6
5.7 314.6
7.6 311.0
6.2 311.0
8.6 306.6
5.9 306.6
7.1 303.5
5.3 303.5
5.1 301.3
5.6 299.5
8.8 294.4
6.5 294.4
5.7 293.4
5.3 292.7
5.5 291.2
5.6 289.8
7.3 284.9
5.7 284.9
6.3 283.5
5.0 283.3
5.0 280.7
7.0 278.1
7.0 275.7
5.5 275.7
7.6 272.0
6.0 272.0
7.1 269.4
5.8 269.4
5.0 264.9
6.1 261.6
7.7 261.6
6.4 261.6
8.2 258.1
6.8 258.1
5.4 256.9
5.3 255.1
5.5 254.9
5.3 253.8
7.3 250.3
5.9 250.3
5.5 249.3
7.7 244.8
6.0 244.8
7.0 240.7
5.6 240.7
6.7 238.2
7.2 235.6
5.7 235.6
7.3 229.6
5.6 229.6
5.4 227.5
7.8 221.6
6.2 221.6
8.2 218.0
6.6 218.0
7.6 215.6
6.2 215.6
7.9 211.7
6.4 211.7
7.2 209.3
6.8 208.4
7.4 206.6
7.0 205.6
7.2 202.3
7.9 200.3
6.7 200.2
9.2 196.0
7.6 196.0
8.3 193.5
6.8 193.5
7.7 190.1
9.0 187.8
7.5 187.8
8.3 183.8
7.8 180.8
6.4 180.8
5.0 180.8
5.6 178.6
8.4 173.6
7.0 173.6
6.3 173.6
10.3 168.1
7.5 168.1
6.0 168.1
8.8 164.7
7.4 164.7
5.8 164.7
6.6 162.0
5.4 162.0
5.8 160.3
8.3 157.2
6.2 157.2
8.1 154.5
6.7 154.5
5.2 152.6
7.2 152.6
8.3 149.6
7.4 147.4
7.3 144.4
6.0 144.4
6.5 140.7
5.6 139.6
8.2 134.9
7.2 134.9
5.5 131.4
8.3 131.4
7.5 131.4
6.2 131.1
5.2 127.5
7.6 127.5
6.3 126.9
6.6 125.4
5.1 121.9
7.6 121.9
6.0 121.5
6.6 119.2
5.0 116.8
6.8 115.9
5.4 115.9
6.1 114.0
7.4 111.0
5.8 111.0
6.5 108.7
7.2 106.2
7.6 104.2
6.1 101.9
7.0 101.6
5.6 98.4
7.5 98.4
5.9 95.6
8.5 95.6
6.9 95.6
8.6 91.6
5.6 89.1
7.8 88.0
6.1 88.0
8.5 85.6
7.0 85.6
5.3 85.6
5.7 82.2
5.5 81.0
6.1 78.9
7.6 76.5
6.1 76.5
8.9 72.7
6.6 72.7
5.8 69.8
6.2 69.8
7.4 67.5
5.9 67.5
5.4 65.6
5.1 65.2
4.9 63.0
4.7 61.8
5.1 60.2
5.9 59.1
6.7 57.3
5.0 55.1
6.4 55.1
4.9 52.8
5.7 52.8
5.6 51.7
5.8 49.2
5.7 48.2
6.3 46.3
5.9 44.1
6.0 42.8
5.3 41.7
5.9 39.9
5.6 39.0
6.9 35.6
6.0 34.9
7.9 32.0
6.3 32.0
8.1 29.0
6.6 29.0
7.3 26.4
5.7 26.4
7.1 23.5
5.5 23.5
5.8 21.8
5.5 20.8
4.9 19.4
8.4 15.8
6.8 15.8
5.2 15.8
7.8 12.2
6.9 11.6
5.5 11.4
7.0 8.5
5.8 8.0
7.7 3.9
5.9 3.9
7.4 0.8
6.6 0.2
5.2 0.0
8.3 737.5
317.6 737.5
317.6 737.5
317.6 737.5
317.6 737.5
317.9 738.0
317.8 738.0
317.7 738.0
317.7 738.0
317.7 738.0
317.5 738.1
317.4 738.1
317.4 738.1
317.3 738.1
317.3 738.1
308.5 738.1
308.5 738.1
308.5 738.1
308.3 738.1
308.3 738.1
310.7 738.1
310.7 738.1
307.8 738.1
307.8 738.1
307.8 738.1
307.8 738.1
307.8 738.1
307.9 738.1
307.9 738.1
309.3 738.1
312.1 738.1
311.0 738.1
310.5 738.1
311.0 738.1
310.5 738.1
311.0 738.1
311.0 738.1
310.5 738.1
310.5 738.1
310.5 738.1
311.0 738.1
311.0 738.1
310.5 738.1
311.0 738.1
310.5 738.1
311.0 738.1
310.5 738.1
310.5 738.1
312.1 738.1
312.1 738.1
312.1 738.1
312.1 738.1
312.1 738.1
312.1 738.1
310.6 738.1
310.6 738.1
310.6 738.1
310.6 738.1
310.6 738.1
310.5 738.1
310.6 738.1
310.6 738.1
310.6 738.1
310.6 738.1
310.6 738.1
310.6 738.1
310.6 738.1
310.6 738.1
310.5 738.1
310.6 738.1
310.6 738.1
310.4 738.1
308.1 738.1
309.2 738.1
309.2 738.1
309.2 738.1
309.2 738.1
309.2 738.1
309.2 738.1
309.2 738.1
309.2 738.1
309.2 738.1
309.2 738.1
309.2 738.1
309.2 738.1
309.2 738.1
309.2 738.1
309.2 738.1
309.2 738.1
309.2 738.1
309.2 738.1
309.2 738.1
309.2 738.1
309.2 738.1
309.2 738.1
309.2 738.1
309.2 738.1
309.2 738.1
309.2 738.1
309.1 738.1
309.2 738.1
309.2 738.1
309.2 738.1
309.2 738.1
309.2 738.1
309.2 738.1
309.2 738.1
307.7 738.1
307.7 738.1
307.7 738.1
307.7 738.1
307.6 738.1
307.8 738.1
307.8 738.1
307.7 738.1
307.8 738.1
307.8 738.1
307.8 738.1
307.8 738.1
307.8 738.1
307.8 738.1
307.7 738.1
307.8 738.1
307.8 738.1
307.8 738.1
307.8 738.1
307.8 738.1
307.8 738.1
306.9 738.1
306.9 738.1
306.9 738.1
306.9 738.1
305.3 738.1
305.4 738.1
305.4 738.1
305.3 738.1
305.3 738.1
305.3 738.1
305.3 738.1
305.3 738.1
305.3 738.1
305.2 738.1
305.1 738.1
305.1 738.1
305.2 738.1
305.1 738.1
305.2 738.1
305.1 738.1
305.1 738.1
305.1 738.1
305.1 738.1
305.1 738.1
305.2 738.1
304.6 738.3
303.2 738.3
303.0 738.3
303.6 738.3
303.1 738.3
303.1 738.3
303.1 738.3
303.1 738.3
304.6 738.3
304.6 738.3
304.6 738.3
304.6 738.3
304.6 738.3
304.6 738.3
304.6 738.3
304.6 738.3
304.6 738.3
304.6 738.3
304.6 738.3
304.6 738.3
304.6 738.3
304.6 738.3
304.6 738.3
304.6 738.3
304.6 738.3
304.6 738.3
304.6 738.3
304.6 738.3
304.5 738.3
304.6 738.3
304.5 738.3
304.5 738.3
304.6 738.3
304.5 738.3
304.5 738.3
304.5 738.3
304.6 738.3
304.5 738.3
304.6 738.3
304.5 738.3
304.5 738.3
304.5 738.3
304.6 738.3
304.6 738.3
304.6 738.3
304.6 738.3
304.6 738.3
304.6 738.3
304.6 738.3
304.6 738.3
304.6 738.3
304.6 738.3
304.6 738.3
304.6 738.3
304.5 738.3
304.6 738.3
304.5 738.3
304.6 738.3
304.6 738.3
304.6 738.3
304.6 738.3
304.6 738.3
304.6 738.3
304.6 738.3
304.6 738.3
304.6 738.3
304.6 738.3
304.6 738.3
304.6 738.3
304.6 738.3
304.6 738.3
304.6 738.3
304.6 738.3
304.5 738.3
304.6 738.3
304.6 738.3
304.6 738.3
304.6 738.3
304.6 738.3
304.6 738.3
304.6 738.3
304.6 738.3
304.6 738.3
304.6 738.3
304.6 738.3
304.6 738.3
304.6 738.3
304.4 738.3
304.6 738.3
304.5 738.3
306.1 738.3
304.4 738.3
304.6 738.3
304.6 738.3
304.5 738.3
304.5 738.3
304.5 738.3
304.5 738.3
304.5 738.3
304.5 738.3
304.6 738.3
304.5 738.3
304.5 738.3
304.4 738.3
302.8 738.3
302.8 738.3
302.8 738.3
302.8 738.3
302.8 738.3
302.7 738.3
302.7 738.3
302.8 738.3
302.8 738.3
302.8 738.3
302.9 738.3
302.7 738.3
302.7 738.3
302.8 738.3
302.7 738.3
302.8 738.3
302.8 738.3
302.8 738.3
302.8 738.3
302.7 738.3
302.9 738.3
302.8 738.3
302.9 738.3
302.9 738.3
302.9 738.3
302.9 738.3
302.8 738.3
302.7 738.3
302.8 738.3
302.8 738.3
302.8 738.3
302.8 738.3
302.9 738.3
302.8 738.3
302.8 738.3
302.9 738.3
302.7 738.3
302.8 738.3
302.7 738.3
302.8 738.3
302.8 738.3
302.8 738.3
302.9 738.3
302.7 738.3
302.9 738.3
302.9 738.3
302.8 738.3
304.5 738.3
304.4 738.3
304.5 738.3
304.4 738.3
304.4 738.3
304.4 738.3
304.5 738.3
304.5 738.3
304.4 738.3
304.4 738.3
304.3 738.3
304.4 738.3
304.4 738.3
304.4 738.3
304.4 738.3
304.4 738.3
304.4 738.3
304.3 738.3
304.4 738.3
304.4 738.3
304.4 738.3
304.4 738.3
304.4 738.3
304.4 738.3
304.4 738.3
304.4 738.3
304.4 738.3
306.0 738.3
304.4 738.3
304.4 738.3
304.4 738.3
304.4 738.3
304.4 738.3
304.4 738.3
304.9 738.3
304.9 738.3
304.4 738.3
304.4 738.3
304.4 738.3
304.4 738.3
304.4 738.3
304.4 738.3
304.4 738.3
304.3 738.3
304.3 738.3
304.4 738.3
304.8 738.3
304.8 738.3
305.9 738.3
304.3 738.3
304.3 738.3
304.8 738.3
304.8 738.3
304.3 738.3
304.4 738.3
304.4 738.3
304.4 738.3
304.4 738.3
304.4 738.3
304.4 738.3
304.4 738.3
304.4 738.3
304.4 738.3
304.4 738.3
304.4 738.3
304.4 738.3
304.4 738.3
304.4 738.3
304.4 738.3
304.4 738.3
304.4 738.3
304.4 738.3
304.4 738.3
304.4 738.3
304.4 738.3
304.4 738.3
306.0 738.3
306.0 738.3
306.0 738.3
306.0 738.3
305.9 738.3
305.9 738.3
306.0 738.3
306.0 738.3
306.0 738.3
306.0 738.3
305.9 738.3
306.0 738.3
306.0 738.3
306.0 738.3
306.0 738.3
306.0 738.3
306.0 738.3
305.9 738.3
306.0 738.3
306.0 738.3
305.9 738.3
306.0 738.3
306.0 738.3
306.0 738.3
305.9 738.3
305.9 738.3
306.0 738.3
305.9 738.3
305.9 738.3
305.9 738.3
305.9 738.3
305.9 738.3
305.9 738.3
305.9 738.3
306.0 738.3
305.9 738.3
305.9 738.3
305.9 738.3
305.9 738.3
305.9 738.3
305.9 738.3
305.9 738.3
305.9 738.3
305.9 738.3
305.9 738.3
305.9 738.3
305.9 738.3
305.9 738.3
305.9 738.3
305.9 738.3
305.9 738.3
305.9 738.3
305.9 738.3
305.9 738.3
305.9 738.3
305.9 738.3
305.9 738.3
306.1 738.3
305.9 738.3
306.0 738.3
305.9 738.3
305.9 738.3
306.0 738.3
305.9 738.3
306.0 738.3
306.0 738.3
305.9 738.3
305.9 738.3
305.9 738.3
305.9 738.3
305.9 738.3
305.9 738.3
306.1 738.3
306.1 738.3
306.1 738.3
306.1 738.3
306.1 738.3
306.0 738.3
305.9 738.3
305.9 738.3
306.0 738.3
305.9 738.3
305.9 738.3
305.9 738.3
305.9 738.3
305.9 738.3
305.9 738.3
305.9 738.3
305.9 738.3
305.9 738.3
305.9 738.3
305.9 738.3
305.9 738.3
305.9 738.3
305.9 738.3
305.9 738.3
305.9 738.3
305.9 738.3
305.9 738.3
305.9 738.3
305.9 738.3
305.9 738.3
305.9 738.3
305.9 738.3
305.9 738.3
305.9 738.3
305.9 738.3
305.9 738.3
305.9 738.3
305.9 738.3
305.9 738.3
305.9 738.3
305.9 738.3
305.9 738.3
305.9 738.3
305.9 738.3
305.9 738.3
305.9 738.3
305.9 738.3
305.9 738.3
305.9 738.3
305.9 738.3
305.9 738.3
305.9 738.3
305.9 738.3
305.9 738.3
305.8 738.3
305.9 738.3
305.9 738.3
305.9 738.3
305.9 738.3
305.9 738.3
305.9 738.3
305.9 738.3
305.9 738.3
305.9 738.3
305.9 738.3
305.9 738.3
305.8 738.3
304.2 738.3
305.9 738.3
305.9 738.3
305.9 738.3
305.9 738.3
305.8 738.3
305.8 738.3
305.8 738.3
305.8 738.3
304.7 738.3
304.3 738.3
304.3 738.3
304.7 738.3
304.8 738.3
304.3 738.3
304.8 738.3
304.3 738.3
304.3 738.3
304.3 738.3
304.3 738.3
304.3 738.3
304.3 738.3
304.8 738.3
304.3 738.3
304.3 738.3
304.3 738.3
304.3 738.3
304.3 738.3
304.3 738.3
304.3 738.3
304.3 738.3
304.3 738.3
304.3 738.3
304.3 738.3
304.3 738.3
304.3 738.3
304.3 738.3
304.3 738.3
304.3 738.3
304.3 738.3
304.3 738.3
304.2 738.3
304.3 738.3
304.3 738.3
304.2 738.3
304.2 738.3
304.3 738.3
304.3 738.3
304.3 738.3
305.9 738.3
305.9 738.3
305.9 738.3
305.9 738.3
305.9 738.3
305.9 738.3
305.9 738.3
305.9 738.3
305.9 738.3
305.9 738.3
305.9 738.3
305.9 738.3
305.8 738.3
305.9 738.3
305.8 738.3
305.9 738.3
305.9 738.3
305.9 738.3
305.9 738.3
305.9 738.3
305.9 738.3
305.9 738.3
305.8 738.3
305.9 738.3
305.8 738.3
305.8 738.3
305.9 738.3
305.9 738.3
305.8 738.3
305.8 738.3
305.6 738.3
305.6 738.3
305.6 738.3
305.8 738.3
305.8 738.3
305.9 738.3
305.8 738.3
305.6 738.3
305.0 738.3
304.7 738.3
304.3 738.3
304.2 738.3
304.2 738.3
304.8 738.3
304.7 738.3
304.2 738.3
304.7 738.3
304.2 738.3
304.3 738.3
304.8 738.3
304.3 738.3
304.3 738.3
304.3 738.3
304.3 738.3
304.3 738.3
304.3 738.3
304.3 738.3
304.3 738.3
304.3 738.3
304.3 738.3
304.3 738.3
304.3 738.3
304.3 738.3
304.3 738.3
304.3 738.3
304.3 738.3
304.3 738.3
304.3 738.3
304.3 738.3
304.3 738.3
304.3 738.3
304.3 738.3
304.3 738.3
304.3 738.3
304.3 738.3
304.3 738.3
304.3 738.3
304.3 738.3
304.3 738.3
304.3 738.3
304.3 738.3
304.3 738.3
304.3 738.3
304.3 738.3
304.3 738.3
304.3 738.3
304.3 738.3
304.3 738.3
304.3 738.3
304.3 738.3
304.1 738.3
304.1 738.3
304.1 738.3
304.1 738.3
304.1 738.3
304.1 738.3
304.1 738.3
304.1 738.3
304.2 738.3
304.1 738.3
304.0 738.4
305.5 738.4
304.6 738.4
303.9 738.4
303.9 738.4
303.9 738.4
303.9 738.4
303.9 738.4
303.9 738.4
303.9 738.4
303.9 738.4
303.9 738.4
303.9 738.4
303.9 738.4
303.9 738.4
303.9 738.4
303.9 738.4
303.8 738.4
303.8 738.4
304.3 738.4
304.3 738.4
304.0 738.4
304.0 738.4
303.9 738.4
304.0 738.4
303.7 738.4
304.0 738.4
304.0 738.4
304.4 738.4
303.7 738.4
304.0 738.4
304.0 738.4
303.9 738.4
303.9 738.4
303.9 738.4
303.9 738.4
303.9 738.4
303.9 738.4
304.0 738.4
304.0 738.4
304.0 738.4
304.6 738.4
303.9 738.4
303.9 738.4
304.0 738.4
304.3 738.4
304.0 738.4
305.0 738.4
304.0 738.4
304.3 738.4
303.9 738.4
303.9 738.4
303.9 738.4
303.9 738.4
303.9 738.4
303.9 738.4
303.9 738.4
303.9 738.4
303.9 738.4
303.9 738.4
303.9 738.4
303.9 738.4
303.9 738.4
303.9 738.4
303.9 738.4
303.9 738.4
303.9 738.4
303.9 738.4
303.9 738.4
303.9 738.4
304.1 738.4
303.9 738.4
303.9 738.4
303.9 738.4
303.8 738.4
303.9 738.4
303.9 738.4
303.9 738.4
303.9 738.4
303.9 738.4
303.9 738.4
304.0 738.4
304.4 738.4
304.0 738.4
304.0 738.4
305.0 738.4
304.1 738.4
304.0 738.4
304.0 738.4
304.0 738.4
304.3 738.4
304.6 738.4
303.9 738.4
304.3 738.4
304.3 738.4
304.3 738.4
304.4 738.4
304.0 738.4
304.3 738.4
303.9 738.4
303.8 738.4
303.9 738.4
303.8 738.4
303.8 738.4
303.9 738.4
303.8 738.4
303.9 738.4
303.8 738.4
303.9 738.4
303.9 738.4
303.8 738.4
303.8 738.4
303.9 738.4
303.9 738.4
303.9 738.4
303.8 738.4
303.8 738.4
303.7 738.4
303.8 738.4
303.9 738.4
303.9 738.4
303.9 738.4
303.9 738.4
303.9 738.4
303.9 738.4
303.9 738.4
303.8 738.4
303.9 738.4
303.9 738.4
303.9 738.4
303.9 738.4
303.9 738.4
303.9 738.4
303.9 738.4
303.9 738.4
303.9 738.4
303.9 738.4
303.9 738.4
303.9 738.4
303.9 738.4
303.9 738.4
303.9 738.4
303.9 738.4
303.9 738.4
303.9 738.4
303.9 738.4
303.9 738.4
303.9 738.4
303.9 738.4
303.9 738.4
303.9 738.4
303.9 738.4
303.7 738.4
303.9 738.4
303.9 738.4
303.9 738.4
303.9 738.4
303.9 738.4
303.9 738.4
303.9 738.4
303.9 738.4
303.9 738.4
303.9 738.4
303.9 738.4
303.9 738.4
303.9 738.4
303.9 738.4
303.9 738.4
303.9 738.4
303.9 738.4
303.9 738.4
303.9 738.4
303.9 738.4
303.9 738.4
303.9 738.4
303.7 738.4
303.7 738.4
303.7 738.4
303.7 738.4
303.7 738.4
303.7 738.4
303.7 738.4
303.7 738.4
303.7 738.4
303.7 738.4
303.7 738.4
303.7 738.4
303.7 738.4
303.7 738.4
303.7 738.4
303.7 738.4
303.7 738.4
303.7 738.4
303.7 738.4
303.7 738.4
303.7 738.4
303.7 738.4
303.7 738.4
304.3 738.4
303.6 738.4
303.6 738.4
303.6 738.4
303.6 738.4
303.7 738.4
303.7 738.4
303.7 738.4
304.0 738.4
303.8 738.4
303.7 738.4
303.7 738.4
303.7 738.4
303.7 738.4
303.7 738.4
303.7 738.4
303.7 738.4
303.8 738.4
303.7 738.4
303.8 738.4
303.7 738.4
304.3 738.4
303.7 738.4
303.7 738.4
304.5 738.4
303.7 738.4
303.7 738.4
303.7 738.4
303.7 738.4
303.7 738.4
303.7 738.4
304.3 738.4
304.3 738.4
303.9 738.4
304.3 738.4
304.8 738.4
303.9 738.4
304.2 738.4
303.7 738.4
303.7 738.4
303.7 738.4
303.7 738.4
303.7 738.4
303.9 738.4
303.9 738.4
304.5 738.4
304.3 738.4
303.7 738.4
303.9 738.4
304.0 738.4
303.7 738.4
303.7 738.4
303.7 738.4
303.7 738.4
304.9 738.4
304.5 738.4
303.7 738.4
303.7 738.4
303.7 738.4
303.7 738.4
303.7 738.4
303.7 738.4
303.7 738.4
303.7 738.4
303.7 738.4
303.7 738.4
303.7 738.4
303.9 738.4
304.3 738.4
304.3 738.4
304.2 738.4
303.6 738.4
303.7 738.4
303.6 738.4
303.6 738.4
303.6 738.4
300.1 738.9
300.0 738.9
300.6 739.2
299.7 739.2
299.7 739.2
299.7 739.2
299.7 739.2
299.7 739.2
300.3 739.2
299.7 739.2
299.7 739.2
299.7 739.2
299.7 739.2
300.3 739.2
299.8 739.2
299.7 739.2
299.8 739.2
300.2 739.2
299.7 739.2
299.7 739.2
299.7 739.2
299.8 739.2
299.7 739.2
299.7 739.2
299.7 739.2
299.7 739.2
299.7 739.2
299.7 739.2
299.7 739.2
299.7 739.2
299.7 739.2
299.7 739.2
300.2 739.2
299.7 739.2
298.1 739.2
298.1 739.2
298.1 739.2
298.0 739.2
298.1 739.2
298.1 739.2
298.1 739.2
298.0 739.2
298.1 739.2
298.1 739.2
298.6 739.2
298.2 739.2
298.1 739.2
298.1 739.2
298.1 739.2
298.2 739.2
298.3 739.2
298.7 739.2
298.3 739.2
298.3 739.2
298.7 739.2
298.6 739.2
298.1 739.2
298.1 739.2
299.7 739.2
298.6 739.2
298.1 739.2
298.0 739.2
298.2 739.2
298.3 739.2
298.1 739.2
299.6 739.2
298.0 739.2
298.0 739.2
298.5 739.2
298.0 739.2
298.1 739.2
298.1 739.2
298.0 739.2
298.0 739.2
298.6 739.2
298.0 739.2
298.0 739.2
298.6 739.2
298.6 739.2
298.0 739.2
298.0 739.2
298.0 739.2
298.5 739.2
298.8 739.2
298.0 739.2
298.5 739.2
298.0 739.2
298.8 739.2
298.1 739.2
298.2 739.2
298.0 739.2
298.0 739.2
298.0 739.2
298.1 739.2
298.0 739.2
298.1 739.2
298.0 739.2
298.1 739.2
298.0 739.2
298.0 739.2
298.6 739.2
298.0 739.2
298.6 739.2
298.1 739.2
298.0 739.2
298.0 739.2
298.0 739.2
298.6 739.2
298.5 739.2
298.0 739.2
298.0 739.2
296.3 739.6
223.5 739.9
238.7 740.2
238.2 740.2
238.6 740.2
238.2 740.2
238.1 740.2
238.1 740.2
238.1 740.2
238.1 740.2
238.2 740.2
238.2 740.2
238.2 740.2
238.1 740.2
238.2 740.2
238.2 740.2
238.1 740.2
238.2 740.2
238.6 740.2
238.2 740.2
238.9 740.2
238.1 740.2
238.1 740.2
238.4 740.2
238.3 740.2
238.1 740.2
238.1 740.2
238.1 740.2
238.7 740.2
238.2 740.2
238.2 740.2
238.2 740.2
238.2 740.2
238.2 740.2
238.2 740.2
238.1 740.2
238.1 740.2
238.1 740.2
238.2 740.2
238.2 740.2
238.2 740.2
238.1 740.2
239.5 740.2
238.6 740.2
238.3 740.2
238.3 740.2
238.5 740.2
238.0 740.2
238.0 740.2
238.0 740.2
238.0 740.2
238.2 740.2
238.9 740.2
238.0 740.2
238.1 740.2
238.1 740.2
238.6 740.2
238.1 740.2
238.1 740.2
238.1 740.2
238.2 740.2
238.2 740.2
238.2 740.2
238.2 740.2
238.2 740.2
238.2 740.2
238.1 740.2
239.7 740.2
239.7 740.2
240.3 740.2
239.7 740.2
239.7 740.2
239.7 740.2
239.7 740.2
239.7 740.2
239.7 740.2
239.7 740.2
239.7 740.2
239.7 740.2
239.7 740.2
239.7 740.2
239.8 740.2
239.7 740.2
239.7 740.2
239.7 740.2
239.7 740.2
239.7 740.2
239.7 740.2
239.7 740.2
238.7 740.2
238.3 740.2
238.2 740.2
238.3 740.2
238.4 740.2
238.3 740.2
238.2 740.2
238.2 740.2
238.2 740.2
238.3 740.2
238.2 740.2
238.1 740.2
238.2 740.2
238.8 740.2
239.7 740.2
239.7 740.2
238.7 740.2
239.3 740.2
238.1 740.2
238.2 740.2
238.2 740.2
238.1 740.2
238.2 740.2
238.2 740.2
238.1 740.2
238.1 740.2
239.7 740.2
239.7 740.2
239.7 740.2
239.7 740.2
239.6 740.2
239.7 740.2
239.7 740.2
239.6 740.2
239.7 740.2
239.7 740.2
238.2 740.2
238.2 740.2
239.4 740.2
239.7 740.2
239.7 740.2
239.7 740.2
239.7 740.2
240.5 740.2
239.7 740.2
240.2 740.2
239.7 740.2
240.2 740.2
239.7 740.2
239.7 740.2
239.7 740.2
239.8 740.2
239.4 740.2
239.7 740.2
239.7 740.2
240.3 740.2
239.7 740.2
239.6 740.2
239.6 740.2
239.7 740.2
239.6 740.2
239.7 740.2
239.9 740.2
239.6 740.2
235.6 740.2
232.0 740.2
227.3 740.2
223.8 740.2
220.3 740.2
216.8 740.2
213.2 740.2
209.6 740.2
205.9 740.2
203.3 740.2
198.5 740.2
194.9 740.2
191.4 740.2
188.2 740.2
184.1 740.2
180.4 740.2
176.9 740.2
173.6 740.2
170.5 740.2
167.2 740.2
162.7 740.2
160.4 740.2
157.6 740.2
153.7 740.2
150.4 740.2
147.1 740.2
143.8 740.2
140.4 740.2
137.0 740.2
133.8 740.2
130.3 740.2
127.4 740.2
123.4 740.2
120.7 740.2
116.0 740.2
112.8 740.2
109.8 740.2
106.2 740.2
101.9 740.2
239.9 740.2
239.9 740.2
239.9 740.2
239.9 740.2
239.9 740.2
241.0 740.2
240.9 740.2
240.8 740.2
240.8 740.2
240.8 740.2
240.7 740.2
240.8 740.2
240.8 740.2
240.8 740.2
240.8 740.2
240.8 740.2
240.8 740.2
240.8 740.2
240.8 740.2
240.8 740.2
240.9 740.2
240.9 740.2
240.9 740.2
240.9 740.2
240.9 740.2
240.9 740.2
240.9 740.2
240.9 740.2
240.9 740.2
240.8 740.2
240.8 740.2
240.9 740.2
240.9 740.2
240.9 740.2
240.7 740.2
240.9 740.2
240.9 740.2
240.8 740.2
240.9 740.2
240.9 740.2
240.9 740.2
240.9 740.2
240.8 740.2
240.9 740.2
240.9 740.2
240.9 740.2
240.9 740.2
240.9 740.2
241.0 740.2
240.9 740.2
240.9 740.2
239.4 740.2
239.4 740.2
240.9 740.2
240.9 740.2
240.9 740.2
240.9 740.2
239.3 740.2
239.3 740.2
239.3 740.2
239.3 740.2
239.3 740.2
239.3 740.2
239.3 740.2
239.3 740.2
239.3 740.2
239.3 740.2
240.9 740.2
240.9 740.2
240.9 740.2
241.0 740.2
241.0 740.2
240.9 740.2
240.9 740.2
240.9 740.2
240.9 740.2
240.9 740.2
240.9 740.2
240.8 740.2
241.0 740.2
240.9 740.2
240.8 740.2
240.9 740.2
240.8 740.2
239.2 740.2
239.2 740.2
240.8 740.2
240.9 740.2
240.8 740.2
239.2 740.2
239.2 740.2
239.2 740.2
240.8 740.2
240.8 740.2
240.8 740.2
239.2 740.2
239.2 740.2
239.1 740.2
239.2 740.2
239.2 740.2
239.2 740.2
239.2 740.2
239.1 740.2
239.1 740.2
239.1 740.2
239.3 740.2
239.2 740.2
239.2 740.2
239.2 740.2
239.3 740.2
239.2 740.2
239.2 740.2
239.2 740.2
239.2 740.2
239.2 740.2
239.2 740.2
239.2 740.2
222.4 740.2
215.2 740.2
206.8 740.2
199.9 740.2
191.3 740.2
183.5 740.2
176.3 740.2
168.7 740.2
160.8 740.2
152.2 740.2
144.6 740.2
137.0 740.2
129.6 740.2
121.2 740.2
114.3 740.2
106.4 740.2
98.2 740.2
90.5 740.2
82.7 740.2
75.1 740.2
69.5 740.2
60.9 740.2
54.0 740.2
46.5 740.2
39.2 740.2
31.9 740.2
25.1 740.2
15.5 740.2
7.8 740.2
5.6 740.2
6.4 740.2
5.6 740.2
5.7 739.7
5.7 739.3
5.2 738.3
5.4 737.1
5.6 734.8
5.6 731.6
6.9 729.1
5.2 725.6
5.6 722.3
6.0 716.8
6.8 709.1
5.2 699.8
6.6 695.3
5.2 688.3
5.7 681.3
5.5 672.7
6.1 662.7
5.7 657.6
5.7 651.4
